поиск периода
_____________________________________
0.03746468201641997 5
0.03747913640009745 6
0.07880626264846703 7
0.03748645494902056 8
0.03745844445798169 9
0.037472430830823 10
0.03748942845251202 11
поиск ключа
_____________________________________
n-группы  n-сдвига  хи-квадрат
0          0          1.9183506889609512
0          1          3.6035728577563138
0          2          2.1904187050357646
0          3          4.415278275294342
0          4          7.146181823661154
0          5          4.8172251848664285
0          6          2.7040647280529546
0          7          3.763612670714289
0          8          5.630331139217535
0          9          3.550866718056262
0          10          2.3387136392720342
0          11          4.786453809563756
0          12          4.648247449409081
0          13          3.5557399334566275
0          14          2.2139904779669832
0          15          2.0862729177981145
0          16          6.4821124592846955
0          17          17.54142402703269
0          18          6.417573714484998
0          19          10.679552627038486
0          20          4.420725702379147
0          21          8.52750745339768
0          22          12.913477485180943
0          23          2.883899570734419
0          24          4.466131375197573
0          25          13.80296668335981
0          26          7.475162561618792
0          27          2.412897070795995
0          28          0.060366710553908756
0          29          1.5459518306623514
0          30          3.82524428203467
1          0          4.8513424553746205
1          1          3.666797980031659
1          2          2.3057242948654464
1          3          2.114923413272373
1          4          6.5015719130679335
1          5          17.328203346785035
1          6          6.297927738979723
1          7          10.509167424027453
1          8          4.363440649458437
1          9          8.459132114212608
1          10          12.724064768341773
1          11          2.865693952551333
1          12          4.347431363076407
1          13          13.562567899367583
1          14          7.41372300030869
1          15          2.410495700707034
1          16          0.05851276740471201
1          17          1.5157789337638554
1          18          3.853846950103028
1          19          1.856358807248882
1          20          3.4996425316046884
1          21          2.199061191454324
1          22          4.733174903099506
1          23          7.112537977110384
1          24          4.955837080533315
1          25          2.713174995409947
1          26          3.9120006094267117
1          27          6.12909160880703
1          28          3.47764865463498
1          29          2.4828391915272627
1          30          5.154836715561368
2          0          1.9688402498915727
2          1          6.8349625495273285
2          2          18.30288771205033
2          3          6.703110620816916
2          4          10.956362894598021
2          5          4.452661736916162
2          6          8.906939190576916
2          7          13.407595615217668
2          8          3.0655292483749417
2          9          4.604856584436554
2          10          14.276709773579965
2          11          7.866207027796488
2          12          2.5384484287618276
2          13          0.060563932561273064
2          14          1.5478873240740505
2          15          3.8301095156020066
2          16          2.033416285599345
2          17          3.5693279713513064
2          18          2.2235969696666738
2          19          4.7020427110647045
2          20          7.4333586269535
2          21          5.204276459130355
2          22          2.600825429112179
2          23          3.7028637312142534
2          24          6.355945427892241
2          25          3.694527612472329
2          26          2.5905643036992023
2          27          4.933192058102571
2          28          4.876800275393076
2          29          3.9357980485039668
2          30          2.1791464519691237
3          0          1.5484244241080747
3          1          3.7867399042754974
3          2          1.9224118133283559
3          3          3.43856239823711
3          4          2.203434828587526
3          5          4.455438108145934
3          6          7.152706106123075
3          7          4.908517987663135
3          8          2.556018378162375
3          9          3.7103513840016857
3          10          5.946311601186924
3          11          3.546410206045608
3          12          2.408577463262295
3          13          4.880485696531248
3          14          4.834944695866238
3          15          3.7745453452564295
3          16          2.241057504408027
3          17          2.0994713237238103
3          18          6.508487293219373
3          19          17.7498458807113
3          20          6.383712156239359
3          21          10.75310027002225
3          22          4.4106455306901795
3          23          8.50054320395255
3          24          13.02376140959354
3          25          2.965085032241706
3          26          4.2957674087148
3          27          13.801282030065986
3          28          7.570975369285793
3          29          2.442726743057234
3          30          0.05834051349302622
4          0          4.945785172212924
4          1          2.7754934381959204
4          2          3.7576478730210288
4          3          5.752892479033663
4          4          3.611887887511451
4          5          2.4287357673287886
4          6          4.787142664147735
4          7          4.862569832199372
4          8          3.644808304819027
4          9          2.3062857328673347
4          10          2.061984632710438
4          11          6.557185455262542
4          12          18.30109469069601
4          13          6.598042496100561
4          14          11.021762444493932
4          15          4.602391108230885
4          16          8.82899348566309
4          17          13.456128563889164
4          18          3.030815088417464
4          19          4.608735161276733
4          20          14.412588800376119
4          21          7.788483175146329
4          22          2.511363548297932
4          23          0.06373622801442992
4          24          1.4958754839356558
4          25          3.9002090756013574
4          26          1.8674499728323692
4          27          3.593473441331127
4          28          2.2040679850252864
4          29          4.374463434017766
4          30          7.429471424448524
5          0          7.423855915101526
5          1          2.389695884727073
5          2          0.06117686032923915
5          3          1.6261129612404612
5          4          3.6036968959925115
5          5          1.9215502507678863
5          6          3.4236893436216325
5          7          2.168138011688439
5          8          4.678776481981604
5          9          6.964962034356676
5          10          4.889753019637745
5          11          2.6111199985043556
5          12          3.614420628191936
5          13          5.969147823446623
5          14          3.4516666583118756
5          15          2.503676411493867
5          16          4.9544464488264515
5          17          4.726165667170212
5          18          3.800480764117662
5          19          2.2451030166116652
5          20          2.057694392283968
5          21          7.014744409653115
5          22          17.42979496487982
5          23          6.534254960751568
5          24          10.576173166952408
5          25          4.473476666451791
5          26          8.728224574832192
5          27          12.753374074640307
5          28          2.9307669392692293
5          29          4.665607403555016
5          30          13.628689973176813
6          0          3.4291605013697994
6          1          2.439932561054847
6          2          5.102861163654658
6          3          4.937321194439607
6          4          3.8563914100968684
6          5          2.164719852781072
6          6          2.1652928307606487
6          7          6.869765144998469
6          8          17.259170904034985
6          9          6.434232213443369
6          10          10.484388544086032
6          11          4.496106450937477
6          12          8.580450973993818
6          13          12.54141368432937
6          14          2.859816690030993
6          15          4.469666984919917
6          16          13.463714223025217
6          17          7.4098889410942474
6          18          2.3672830508373055
6          19          0.061463004335015795
6          20          1.5227112176908961
6          21          3.612191516728986
6          22          1.8839284276788835
6          23          3.262533444732745
6          24          2.0906685302405115
6          25          4.527687045116771
6          26          6.921733251448009
6          27          4.850588320103112
6          28          2.4140674188708395
6          29          3.704497176201834
6          30          5.992776794255563
Ключ расшифрования:ЮСО_ШВФ
Ключ шифрования:ГРУБИЯН

Расшифрованный текст
_ВОТ_ТОЛСТЫИ_ДЕНЕЖНЫИ_ПАКЕТ__ЭТО_ИЗ_ЛЕСНОИ_ДАЧИ__ОТ_ПРИКАЗЧИКА__ОН_ПИШЕТ__ЧТО_ПОСЫЛАЕТ_ПОЛТОРЫ_ТЫСЯЧИ_РУБЛЕИ__КОТОРЫЕ_ОН_ОТСУДИЛ_У_КОГО_ТО__ВЫИГРАВ_ДЕЛО_ВО_ВТОРОИ_ИНСТАНЦИИ__АННА_АКИМОВНА_НЕ_ЛЮБИЛА_И_БОЯЛАСЬ_ТАКИХ_СЛОВ__КАК_ОТСУДИЛ_И_ВЫИГРАЛ_ДЕЛО__ОНА_ЗНАЛА__ЧТО_БЕЗ_ПРАВОСУДИЯ_НЕЛЬЗЯ__НО_ПОЧЕМУ_ТО__КОГДА_ДИРЕКТОР_ЗАВОДА_НАЗАРЫЧ_ИЛИ_ПРИКАЗЧИК_НА_ДАЧЕ__КОТОРЫЕ_ЧАСТО_СУДИЛИСЬ__ВЫИГРЫВАЛИ_В_ПОЛЬЗУ_ЕЕ_КАКОЕ_НИБУДЬ_ДЕЛО__ТО_ЕИ_ВСЯКИИ_РАЗ_СТАНОВИЛОСЬ_ЖУТКО_И_КАК_БУДТО_СОВЕСТНО__И_ТЕПЕРЬ_ЕИ_СТАЛО_ЖУТКО_И_НЕЛОВКО__И_ЗАХОТЕЛОСЬ_ОТЛОЖИТЬ_ЭТИ_ПОЛТОРЫ_ТЫСЯЧИ_КУДА_НИБУДЬ_ПОДАЛЬШЕ__ЧТОБЫ_НЕ_ВИДЕТЬ_ИХ___ОНА_ДУМАЛА_С_ДОСАДОИ__ЕЕ_РОВЕСНИЦЫ___А_ЕИ_ШЕЛ_ДВАДЦАТЬ_ШЕСТОИ_ГОД__ТЕПЕРЬ_ХЛОПОЧУТ_ПО_ХОЗЯИСТВУ__УТОМИЛИСЬ_И_КРЕПКО_УСНУТ__А_ЗАВТРА_УТРОМ_ПРОСНУТСЯ_В_ПРАЗДНИЧНОМ_НАСТРОЕНИИ__МНОГИЕ_ИЗ_НИХ_ДАВНО_УЖЕ_ПОВЫХОДИЛИ_ЗАМУЖ_И_ИМЕЮТ_ДЕТЕИ__ТОЛЬКО_ОНА_ОДНА_ПОЧЕМУ_ТО_ОБЯЗАНА__КАК_СТАРУХА__СИДЕТЬ_ЗА_ЭТИМИ_ПИСЬМАМИ__ДЕЛАТЬ_НА_НИХ_ПОМЕТКИ__ПИСАТЬ_ОТВЕТЫ__ПОТОМ_ВЕСЬ_ВЕЧЕР_ДО_ПОЛУНОЧИ_НИЧЕГО_НЕ_ДЕЛАТЬ_И_ЖДАТЬ__КОГДА_ЗАХОЧЕТСЯ_СПАТЬ__А_ЗАВТРА_ВЕСЬ_ДЕНЬ_БУДУТ_ЕЕ_ПОЗДРАВЛЯТЬ_И_ПРОСИТЬ_У_НЕИ__А_ПОСЛЕЗАВТРА_НА_ЗАВОДЕ_НЕПРЕМЕННО_СЛУЧИТСЯ_КАКОИ_НИБУДЬ_СКАНДАЛ___ПОБЬЮТ_КОГО__ИЛИ_КТО_НИБУДЬ_УМРЕТ_ОТ_ВОДКИ__И_ЕЕ_ПОЧЕМУ_ТО_БУДЕТ_МУЧИТЬ_СОВЕСТЬ__А_ПОСЛЕ_ПРАЗДНИКОВ_НАЗАРЫЧ_УВОЛИТ_ЗА_ПРОГУЛ_ЧЕЛОВЕК_ДВАДЦАТЬ__И_ВСЕ_ЭТИ_ДВАДЦАТЬ_БУДУТ_БЕЗ_ШАПОК_ЖАТЬСЯ_ОКОЛО_ЕЕ_КРЫЛЬЦА__И_ЕИ_БУДЕТ_СОВЕСТНО_ВЫИТИ_К_НИМ__И_ИХ_ПРОГОНЯТ__КАК_СОБАК__И_ВСЕ_ЗНАКОМЫЕ_БУДУТ_ГОВОРИТЬ_ЗА_ГЛАЗА_И_ПИСАТЬ_ЕИ_В_АНОНИМНЫХ_ПИСЬМАХ__ЧТО_ОНА_МИЛЛИОНЕРША__ЭКСПЛОАТАТОРША__ЧТО_ОНА_ЗАЕДАЕТ_ЧУЖОИ_ВЕК_И_СОСЕТ_У_РАБОЧИХ_КРОВЬ___ВОТ_В_СТОРОНЕ_ЛЕЖИТ_ПАЧКА_ПРОЧИТАННЫХ_И_УЖЕ_ОТЛОЖЕННЫХ_ПИСЕМ__ЭТО_ОТ_ПРОСИТЕЛЕИ__ТУТ_ГОЛОДНЫЕ__ПЬЯНЫЕ__ОБРЕМЕНЕННЫЕ_МНОГОЧИСЛЕННЫМИ_СЕМЕИСТВАМИ__БОЛЬНЫЕ__УНИЖЕННЫЕ__НЕПРИЗНАННЫЕ__АННА_АКИМОВНА_УЖЕ_НАМЕТИЛА_НА_КАЖДОМ_ПИСЬМЕ__КОМУ_ТРИ_РУБЛЯ__КОМУ_ПЯТЬ__ПИСЬМА_ЭТИ_СЕГОДНЯ_ЖЕ_ПОИДУТ_В_КОНТОРУ__И_ЗАВТРА_ТАМ_БУДЕТ_ПРОИСХОДИТЬ_ВЫДАЧА_ПОСОБИИ__ИЛИ__КАК_ГОВОРЯТ_СЛУЖАЩИЕ__КОРМЛЕНИЕ_ЗВЕРЕИ___РАЗДАДУТ_ПО_МЕЛОЧАМ_И__РУБЛЕИ__ПРОЦЕНТЫ_С_КАПИТАЛА__ЗАВЕЩАННОГО_ПОКОИНЫМ_АКИМОМ_ИВАНЫЧЕМ_НА_НИЩИХ_И_УБОГИХ__БУДЕТ_БЕЗОБРАЗНАЯ_ТОЛКОТНЯ__ОТ_ВОРОТ_ДО_ДВЕРЕИ_КОНТОРЫ_ПОТЯНЕТСЯ_ГУСЕМ_ДЛИННЫИ_РЯД_КАКИХ_ТО_ЧУЖИХ_ЛЮДЕИ_СО_ЗВЕРИНЫМИ_ЛИЦАМИ__В_ЛОХМОТЬЯХ__ОЗЯБШИХ__ГОЛОДНЫХ_И_УЖЕ_ПЬЯНЫХ__ПОМИНАЮЩИХ_ХРИПЛЫМИ_ГОЛОСАМИ_МАТУШКУ_БЛАГОДЕТЕЛЬНИЦУ_АННУ_АКИМОВНУ_И_ЕЕ_РОДИТЕЛЕИ__ЗАДНИЕ_БУДУТ_НАПИРАТЬ_НА_ПЕРЕДНИХ__А_ПЕРЕДНИЕ__БРАНИТЬСЯ_НЕХОРОШИМИ_СЛОВАМИ__КОНТОРЩИК__КОТОРОМУ_ПРИСКУЧАТ_ШУМ__БРАНЬ_И_ПРИЧИТЫВАНИЯ__ВЫСКОЧИТ_И_ДАСТ_КОМУ_НИБУДЬ_ПО_УХУ_КО_ВСЕОБЩЕМУ_УДОВОЛЬСТВИЮ__А_СВОИ_ЛЮДИ__РАБОЧИЕ__НЕ_ПОЛУЧИВШИЕ_К_ПРАЗДНИКУ_НИЧЕГО__КРОМЕ_СВОЕГО_ЖАЛОВАНЬЯ__И_УЖЕ_ИСТРАТИВШИЕ_ВС__ДО_КОПЕИКИ__БУДУТ_СТОЯТЬ_СРЕДИ_ДВОРА__СМОТРЕТЬ_И_ПОСМЕИВАТЬСЯ_ОДНИ_ЗАВИСТЛИВО__ДРУГИЕ_ИРОНИЧЕСКИ___КУПЦЫ__А_ОСОБЕННО_КУПЧИХИ_БОЛЬШЕ_ЛЮБЯТ_НИЩИХ__ЧЕМ_СВОИХ_РАБОЧИХ__ПОДУМАЛА_АННА_АКИМОВНА___ЭТО_ВСЕГДА_ТАК___ВЗГЛЯД_ЕЕ_УПАЛ_НА_ДЕНЕЖНЫИ_ПАКЕТ__ХОРОШО_БЫ_РАЗДАТЬ_ЗАВТРА_ЭТИ_НЕНУЖНЫЕ__ПРОТИВНЫЕ_ДЕНЬГИ_РАБОЧИМ__НО_НЕЛЬЗЯ_НИЧЕГО_ДАВАТЬ_РАБОЧЕМУ_ДАРОМ__А_ТО_ЗАПРОСИТ_В_ДРУГОИ_РАЗ__ДА_И_ЧТО_ЗНАЧАТ_ЭТИ_ПОЛТОРЫ_ТЫСЯЧИ__ЕСЛИ_НА_ЗАВОДЕ_ВСЕХ_РАБОЧИХ_ТЫСЯЧА_ВОСЕМЬСОТ_С_ЛИШКОМ__НЕ_СЧИТАЯ_ИХ_ЖЕН_И_ДЕТЕИ__А_ТО__ПОЖАЛУИ__ВЫБРАТЬ_ОДНОГО_ИЗ_ПРОСИТЕЛЕИ__ПИСАВШИХ_ЭТИ_ПИСЬМА__КАКОГО_НИБУДЬ_НЕСЧАСТНОГО__ДАВНО_УЖЕ_ПОТЕРЯВШЕГО_НАДЕЖДУ_НА_ЛУЧШУЮ_ЖИЗНЬ__И_ОТДАТЬ_ЕМУ_ПОЛТОРЫ_ТЫСЯЧИ__БЕДНЯКА_ОШЕЛОМЯТ_ЭТИ_ДЕНЬГИ__КАК_ГРОМ__И__БЫТЬ_МОЖЕТ__ПЕРВЫИ_РАЗ_В_ЖИЗНИ_ОН_ПОЧУВСТВУЕТ_СЕБЯ_СЧАСТЛИВЫМ__ЭТА_МЫСЛЬ_ПОКАЗАЛАСЬ_АННЕ_АКИМОВНЕ_ОРИГИНАЛЬНОИ_И_ЗАБАВНОИ_И_РАЗВЛЕКЛА_ЕЕ__ОНА_НАУДАЧУ_ПОТЯНУЛА_ИЗ_ПАЧКИ_ОДНО_ПИСЬМО_И_ПРОЧЛА__КАКОИ_ТО_ГУБЕРНСКИИ_СЕКРЕТАРЬ_ЧАЛИКОВ_ДАВНО_УЖЕ_БЕЗ_МЕСТА__БОЛЕН_И_ПРОЖИВАЕТ_В_ДОМЕ_ГУЩИНА__ЖЕНА_В_ЧАХОТКЕ__ПЯТЬ_МАЛОЛЕТНИХ_ДОЧЕРЕИ__ГУЩИНСКИИ_ЧЕТЫРЕХЭТАЖНЫИ_ДОМ__В_КОТОРОМ_ЖИЛ_ЧАЛИКОВ__ХОРОШО_ЗНАЛА_АННА_АКИМОВНА__АХ__НЕХОРОШИИ__ГНИЛОИ__НЕЗДОРОВЫИ_ДОМ____ВОТ_ОТДАМ_ЭТОМУ_ЧАЛИКОВУ___РЕШИЛА_ОНА___ПОСЫЛАТЬ_НЕ_СТАНУ__ЛУЧШЕ_САМА_СВЕЗУ__ЧТОБЫ_НЕ_БЫЛО_ЛИШНИХ_РАЗГОВОРОВ__ДА___РАССУЖДАЛА_ОНА__ПРЯЧА_В_КАРМАН_ПОЛТОРЫ_ТЫСЯЧИ___ПОСМОТРЮ_И__ПОЖАЛУИ__ДЕВОЧЕК_КУДА_НИБУДЬ_ПРИСТРОЮ___ЕИ_СТАЛО_ВЕСЕЛО__ОНА_ПОЗВОНИЛА_И_ПРИКАЗАЛА_ПОДАВАТЬ_ЛОШАДЕИ___КОГДА_ОНА_САДИЛАСЬ_В_САНИ__БЫЛ_СЕДЬМОИ_ЧАС_ВЕЧЕРА__ОКНА_ВО_ВСЕХ_КОРПУСАХ_БЫЛИ_ЯРКО_ОСВЕЩЕНЫ__И_ОТТОГО_НА_ГРОМАДНОМ_ДВОРЕ_КАЗАЛОСЬ_ОЧЕНЬ_ТЕМНО__У_ВОРОТ_И_ДАЛЕКО_В_ГЛУБИНЕ_ДВОРА__ОКОЛО_СКЛАДОВ_И_РАБОЧИХ_БАРАКОВ_ГОРЕЛИ_ЭЛЕКТРИЧЕСКИЕ_ФОНАРИ___ЭТИХ_ТЕМНЫХ__УГРЮМЫХ_КОРПУСОВ__СКЛАДОВ_И_БАРАКОВ__ГДЕ_ЖИЛИ_РАБОЧИЕ__АННА_АКИМОВНА_НЕ_ЛЮБИЛА_И_БОЯЛАСЬ__В_ГЛАВНОМ_КОРПУСЕ_ПОСЛЕ_СМЕРТИ_ОТЦА_ОНА_БЫЛА_ТОЛЬКО_ОДИН_РАЗ__ВЫСОКИЕ_ПОТОЛКИ_С_ЖЕЛЕЗНЫМИ_БАЛКАМИ__МНОЖЕСТВО_ГРОМАДНЫХ__БЫСТРО_ВЕРТЯЩИХСЯ_КОЛЕС__ПРИВОДНЫХ_РЕМНЕИ_И_РЫЧАГОВ__ПРОНЗИТЕЛЬНОЕ_ШИПЕНИЕ__ВИЗГ_СТАЛИ__ДРЕБЕЗЖАНЬЕ_ВАГОНЕТОК__ЖЕСТКОЕ_ДЫХАНИЕ_ПАРА__БЛЕДНЫЕ_ИЛИ_БАГРОВЫЕ_ИЛИ_ЧЕРНЫЕ_ОТ_УГОЛЬНОИ_ПЫЛИ_ЛИЦА__МОКРЫЕ_ОТ_ПОТА_РУБАХИ__БЛЕСК_СТАЛИ__МЕДИ_И_ОГНЯ__ЗАПАХ_МАСЛА_И_УГЛЯ__И_ВЕТЕР__ТО_ОЧЕНЬ_ГОРЯЧИИ__ТО_ХОЛОДНЫИ__ПРОИЗВЕЛИ_НА_НЕЕ_ВПЕЧАТЛЕНИЕ_АДА__ЕИ_КАЗАЛОСЬ__БУДТО_КОЛЕСА__РЫЧАГИ_И_ГОРЯЧИЕ_ШИПЯЩИЕ_ЦИЛИНДРЫ_СТАРАЮТСЯ_СОРВАТЬСЯ_СО_СВОИХ_СВЯЗЕИ__ЧТОБЫ_УНИЧТОЖИТЬ_ЛЮДЕИ__А_ЛЮДИ__С_ОЗАБОЧЕННЫМИ_ЛИЦАМИ__НЕ_СЛЫША_ДРУГ_ДРУГА__БЕГАЮТ_И_СУЕТЯТСЯ_ОКОЛО_МАШИН__СТАРАЯСЬ_ОСТАНОВИТЬ_ИХ_СТРАШНОЕ_ДВИЖЕНИЕ__АННЕ_АКИМОВНЕ_ЧТО_ТО_ПОКАЗЫВАЛИ_И_ПОЧТИТЕЛЬНО_ОБЬЯСНЯЛИ__ОНА_ПОМНИТ__КАК_В_КУЗНЕЧНОМ_ОТДЕЛЕНИИ_ВЫТАЩИЛИ_ИЗ_ПЕЧИ_КУСОК_РАСКАЛЕННОГО_ЖЕЛЕЗА_И_КАК_ОДИН_СТАРИК_С_РЕМЕШКОМ_НА_ГОЛОВЕ__А_ДРУГОИ__МОЛОДОИ__В_СИНЕИ_БЛУЗЕ__С_ЦЕПОЧКОИ_НА_ГРУДИ_И_С_СЕРДИТЫМ_ЛИЦОМ__ДОЛЖНО_БЫТЬ__ИЗ_СТАРШИХ__УДАРИЛИ_МОЛОТКАМИ_ПО_КУСКУ_ЖЕЛЕЗА__И_КАК_БРЫЗНУЛИ_ВО_ВСЕ_СТОРОНЫ_ЗОЛОТЫЕ_ИСКРЫ__И_КАК__НЕМНОГО_ПОГОДЯ__ГРЕМЕЛИ_ПЕРЕД_НЕИ_ГРОМАДНЫМ_КУСКОМ_ЛИСТОВОГО_ЖЕЛЕЗА__СТАРИК_СТОЯЛ_НАВЫТЯЖКУ_И_УЛЫБАЛСЯ__А_МОЛОДОИ_ВЫТИРАЛ_РУКАВОМ_МОКРОЕ_ЛИЦО_И_ОБЬЯСНЯЛ_ЕИ_ЧТО_ТО__И_ОНА_ЕЩЕ_ПОМНИТ__КАК_В_ДРУГОМ_ОТДЕЛЕНИИ_СТАРИК_С_ОДНИМ_ГЛАЗОМ_ПИЛИЛ_КУСОК_ЖЕЛЕЗА__И_СЫПАЛИСЬ_ЖЕЛЕЗНЫЕ_ОПИЛКИ__И_КАК_РЫЖИИ__В_ТЕМНЫХ_ОЧКАХ_И_С_ДЫРАМИ_НА_РУБАХЕ__РАБОТАЛ_У_ТОКАРНОГО_СТАНКА__ДЕЛАЯ_ЧТО_ТО_ИЗ_КУСКА_СТАЛИ__СТАНОК_РЕВЕЛ_И_ВИЗЖАЛ_И_СВИСТЕЛ__А_АННУ_АКИМОВНУ_ТОШНИЛО_ОТ_ЭТОГО_ШУМА__И_КАЗАЛОСЬ__ЧТО_У_НЕЕ_СВЕРЛЯТ_В_УШАХ__ОНА_ГЛЯДЕЛА__СЛУШАЛА__НЕ_ПОНИМАЛА__БЛАГОСКЛОННО_УЛЫБАЛАСЬ__И_ЕИ_БЫЛО_СТЫДНО__КОРМИТЬСЯ_И_ПОЛУЧАТЬ_СОТНИ_ТЫСЯЧ_ОТ_ДЕЛА__КОТОРОГО_НЕ_ПОНИМАЕШЬ_И_НЕ_МОЖЕШЬ_ЛЮБИТЬ__КАК_ЭТО_СТРАННО___А_В_РАБОЧИХ_БАРАКАХ_ОНА_НЕ_БЫЛА_НИ_РАЗУ__ТАМ__ГОВОРЯТ__СЫРОСТЬ__КЛОПЫ__РАЗВРАТ__БЕЗНАЧАЛИЕ__УДИВИТЕЛЬНОЕ_ДЕЛО__НА_БЛАГОУСТРОИСТВО_БАРАКОВ_УХОДЯТ_ЕЖЕГОДНО_ТЫСЯЧИ_РУБЛЕИ__А_ПОЛОЖЕНИЕ_РАБОЧИХ__ЕСЛИ_ВЕРИТЬ_АНОНИМНЫМ_ПИСЬМАМ__С_КАЖДЫМ_ГОДОМ_СТАНОВИТСЯ_ВСЕ_ХУЖЕ_И_ХУЖЕ___ПРИ_ОТЦЕ_БЫЛО_БОЛЬШЕ_ПОРЯДКА___ДУМАЛА_АННА_АКИМОВНА__ВЫЕЗЖАЯ_СО_ДВОРА___ПОТОМУ_ЧТО_ОН_САМ_БЫЛ_РАБОЧИИ_И_ЗНАЛ__ЧТО_НУЖНО__Я_ЖЕ_НИЧЕГО_НЕ_ЗНАЮ_И_ДЕЛАЮ_ОДНИ_ГЛУПОСТИ___ЕИ_ОПЯТЬ_СТАЛО_СКУЧНО__И_ОНА_БЫЛА_УЖЕ_НЕ_РАДА__ЧТО_ПОЕХАЛА__И_МЫСЛЬ_О_СЧАСТЛИВЦЕ__НА_КОТОРОГО_СВАЛИВАЮТСЯ_С_НЕБА_ПОЛТОРЫ_ТЫСЯЧИ__УЖЕ_НЕ_КАЗАЛАСЬ_ЕИ_ОРИГИНАЛЬНОИ_И_ЗАБАВНОИ__ЕХАТЬ_К_КАКОМУ_ТО_ЧАЛИКОВУ__КОГДА_ДОМА_ПОСТЕПЕННО_РАЗРУШАЕТСЯ_И_ПАДАЕТ_МИЛЛИОННОЕ_ДЕЛО__И_РАБОЧИЕ_В_БАРАКАХ_ЖИВУТ_ХУЖЕ_АРЕСТАНТОВ___ЭТО_ЗНАЧИТ_ДЕЛАТЬ_ГЛУПОСТИ_И_ОБМАНЫВАТЬ_СВОЮ_СОВЕСТЬ__ПО_ШОССЕ_И_ОКОЛО_НЕГО_ЧЕРЕЗ_ПОЛЕ__НАПРАВЛЯЯСЬ_К_ГОРОДСКИМ_ОГНЯМ__ШЛИ_ТОЛПАМИ_РАБОЧИЕ_ИЗ_СОСЕДНИХ_ФАБРИК_СИТЦЕВОИ_И_БУМАЖНОИ__В_МОРОЗНОМ_ВОЗДУХЕ_РАЗДАВАЛИСЬ_СМЕХ_И_ВЕСЕЛЫИ_ГОВОР__АННА_АКИМОВНА_ПОГЛЯДЕЛА_НА_ЖЕНЩИН_И_МАЛОЛЕТКОВ__И_ЕИ_ВДРУГ_ЗАХОТЕЛОСЬ_ПРОСТОТЫ__ГРУБОСТИ__ТЕСНОТЫ__ОНА_ЯСНО_ПРЕДСТАВИЛА_СЕБЕ_ТО_ДАЛЕКОЕ_ВРЕМЯ__КОГДА_ЕЕ_ЗВАЛИ_АНЮТКОИ_И_КОГДА_ОНА__МАЛЕНЬКАЯ__ЛЕЖАЛА_ПОД_ОДНИМ_ОДЕЯЛОМ_С_МАТЕРЬЮ__А_РЯДОМ__В_ДРУГОИ_КОМНАТЕ__СТИРАЛА_БЕЛЬЕ_ЖИЛИЦА_ПРАЧКА__И_ИЗ_СОСЕДНИХ_КВАРТИР__СКВОЗЬ_ТОНКИЕ_СТЕНЫ__СЛЫШАЛИСЬ_СМЕХ__БРАНЬ__ДЕТСКИИ_ПЛАЧ__ГАРМОНИКА__ЖУЖЖАНИЕ_ТОКАРНЫХ_СТАНКОВ_И_ШВЕИНЫХ_МАШИН__А_ОТЕЦ__АКИМ_ИВАНЫЧ__ЗНАВШИИ_ПОЧТИ_ВСЕ_РЕМЕСЛА__НЕ_ОБРАЩАЯ_НИКАКОГО_ВНИМАНИЯ_НА_ТЕСНОТУ_И_ШУМ__ПАЯЛ_ЧТО_НИБУДЬ_ОКОЛО_ПЕЧКИ_ИЛИ_ЧЕРТИЛ_ИЛИ_СТРОГАЛ__И_ЕИ_ЗАХОТЕЛОСЬ_СТИРАТЬ__ГЛАДИТЬ__БЕГАТЬ_В_ЛАВКУ_И_КАБАК__КАК_ЭТО_ОНА_ДЕЛАЛА_КАЖДЫИ_ДЕНЬ__КОГДА_ЖИЛА_С_МАТЕРЬЮ__ЕИ_БЫ_РАБОЧЕИ_БЫТЬ__А_НЕ_ХОЗЯИКОИ__ЕЕ_БОЛЬШОИ_ДОМ_С_ЛЮСТРАМИ_И_КАРТИНАМИ__ЛАКЕИ_МИШЕНЬКА_ВО_ФРАКЕ_И_С_БАРХАТНЫМИ_УСИКАМИ__БЛАГОЛЕПНАЯ_ВАРВАРУШКА_И_ЛЬСТИВАЯ_АГАФЬЮШКА__И_ЭТИ_МОЛОДЫЕ_ЛЮДИ_ОБОЕГО_ПОЛА__КОТОРЫЕ_ПОЧТИ_КАЖДЫИ_ДЕНЬ_ПРИХОДЯТ_К_НЕИ_ПРОСИТЬ_ДЕНЕГ_И_ПЕРЕД_КОТОРЫМИ_ОНА_ПОЧЕМУ_ТО_ВСЯКИИ_РАЗ_ЧУВСТВУЕТ_СЕБЯ_ВИНОВАТОИ__И_ЭТИ_ЧИНОВНИКИ__ДОКТОРА_И_ДАМЫ__БЛАГОТВОРЯЩИЕ_НА_ЕЕ_СЧЕТ__ЛЬСТЯЩИЕ_ЕИ_И_ПРЕЗИРАЮЩИЕ_ЕЕ_ВТАИНЕ_ЗА_НИЗКОЕ_ПРОИСХОЖДЕНИЕ__КАК_ВСЕ_ЭТО_УЖЕ_ПРИСКУЧИЛО_И_ЧУЖДО_ЕИ___ВОТ_ЖЕЛЕЗНОДОРОЖНЫИ_ПЕРЕЕЗД_И_ЗАСТАВА__ПОШЛИ_ДОМА_ВПЕРЕМЕЖКУ_С_ОГОРОДАМИ__ВОТ__НАКОНЕЦ__И_ШИРОКАЯ_УЛИЦА__ГДЕ_СТОИТ_ЗНАМЕНИТЫИ_ДОМ_ГУЩИНА__НА_УЛИЦЕ__ОБЫКНОВЕННО_ТИХОИ__ТЕПЕРЬ_ПО_СЛУЧАЮ_КАНУНА_ПРАЗДНИКА_БЫЛО_БОЛЬШОЕ_ДВИЖЕНИЕ__В_ТРАКТИРАХ_И_ПОРТЕРНЫХ_ШУМЕЛИ__ЕСЛИ_БЫ_ПРОЕЗЖАЛ_ТЕПЕРЬ_ПО_УЛИЦЕ_КТО_НИБУДЬ_НЕ_ЗДЕШНИИ__ЖИВУЩИИ_В_ЦЕНТРЕ_ГОРОДА__ТО_ОН_ЗАМЕТИЛ_БЫ_ТОЛЬКО_ГРЯЗНЫХ__ПЬЯНЫХ_И_РУГАТЕЛЕИ__НО_АННА_АКИМОВНА__ЖИВШАЯ_С_ДЕТСТВА_В_ЭТИХ_КРАЯХ__УЗНАВАЛА_ТЕПЕРЬ_В_ТОЛПЕ_ТО_СВОЕГО_ПОКОИНОГО_ОТЦА__ТО_МАТЬ__ТО_ДЯДЮ__ОТЕЦ_БЫЛ_МЯГКАЯ__РАСПЛЫВЧАТАЯ_ДУША__НЕМНОЖКО_ФАНТАЗ_Р__БЕСПЕЧНЫИ_И_ЛЕГКОМЫСЛЕННЫИ__У_НЕГО_НЕ_БЫЛО_ПРИСТРАСТИЯ_НИ_К_ДЕНЬГАМ__НИ_К_ПОЧЕТУ__НИ_К_ВЛАСТИ__ОН_ГОВОРИЛ__ЧТО_РАБОЧЕМУ_ЧЕЛОВЕКУ_НЕКОГДА_РАЗБИРАТЬ_ПРАЗДНИКИ_И_ХОДИТЬ_В_ЦЕРКОВЬ__И_ЕСЛИ_Б_НЕ_ЖЕНА__ТО_ОН__ПОЖАЛУИ__НИКОГДА_БЫ_НЕ_ГОВЕЛ_И_В_ПОСТ_ЕЛ_БЫ_СКОРОМНОЕ__А_ДЯДЯ__ИВАН_ИВАНЫЧ__НАОБОРОТ__БЫЛ_КРЕМЕНЬ__ВО_ВСЕМ__ЧТО_ОТНОСИЛОСЬ_К_РЕЛИГИИ__ПОЛИТИКЕ_И_НРАВСТВЕННОСТИ__ОН_БЫЛ_КРУТ_И_НЕУМОЛИМ__И_НАБЛЮДАЛ_НЕ_ТОЛЬКО_ЗА_СОБОИ__НО_И_ЗА_ВСЕМИ_СЛУЖАЩИМИ_И_ЗНАКОМЫМИ__НЕ_ДАИ_БОГ__БЫВАЛО__ВОИТИ_К_НЕМУ_В_КОМНАТУ_И_НЕ_ПЕРЕКРЕСТИТЬСЯ__РОСКОШНЫЕ_ХОРОМЫ__В_КОТОРЫХ_ЖИВЕТ_ТЕПЕРЬ_АННА_АКИМОВНА__ОН_ДЕРЖАЛ_ЗАПЕРТЫМИ_И_ОТПИРАЛ_ИХ_ТОЛЬКО_В_БОЛЬШИЕ_ПРАЗДНИКИ_ДЛЯ_ВАЖНЫХ_ГОСТЕИ__А_САМ_ЖИЛ_В_КОНТОРЕ__В_ОДНОИ_МАЛЕНЬКОИ_КОМНАТКЕ__УСТАВЛЕННОИ_ОБРАЗАМИ__ОН_ТЯГОТЕЛ_К_СТАРОИ_ВЕРЕ_И_ПОСТОЯННО_ПРИНИМАЛ_У_СЕБЯ_СТАРООБРЯДЧЕСКИХ_АРХИЕРЕЕВ_И_ПОПОВ__ХОТЯ_БЫЛ_КРЕЩЕН_И_ВЕНЧАН__И_ЖЕНУ_СВОЮ_ПОХОРОНИЛ_ПО_ОБРЯДУ_ПРАВОСЛАВНОИ_ЦЕРКВИ__БРАТА_АКИМА__СВОЕГО_ЕДИНСТВЕННОГО_НАСЛЕДНИКА__ОН_НЕ_ЛЮБИЛ_ЗА_ЛЕГКОМЫСЛИЕ__КОТОРОЕ_НАЗЫВАЛ_ПРОСТОТОИ_И_ГЛУПОСТЬЮ__И_ЗА_РАВНОДУШИЕ_К_ВЕРЕ__ОН_ДЕРЖАЛ_ЕГО_В_ЧЕРНОМ_ТЕЛЕ__НА_ПОЛОЖЕНИИ_РАБОЧЕГО__ПЛАТИЛ_ЕМУ_ПО__РУБЛЕИ_В_МЕСЯЦ__АКИМ_ГОВОРИЛ_СВОЕМУ_БРАТУ_ВЫ_И_В_ПРОЩЕНЫЕ_ДНИ_СО_ВСЕМ_СВОИМ_СЕМЕИСТВОМ_КЛАНЯЛСЯ_ЕМУ_В_НОГИ__НО_ГОДА_ЗА_ТРИ_ДО_СВОЕИ_СМЕРТИ_ИВАН_ИВАНЫЧ_ПРИБЛИЗИЛ_ЕГО_К_СЕБЕ__ПРОСТИЛ_И_ПРИКАЗАЛ_НАНЯТЬ_ДЛЯ_АНЮТКИ_ГУВЕРНАНТКУ___ВОРОТА_ПОД_ДОМОМ_ГУЩИНА_ТЕМНЫЕ__ГЛУБОКИЕ__ВОНЮЧИЕ__СЛЫШНО__КАК_ОКОЛО_СТЕН_ПОКАШЛИВАЮТ_МУЖЧИНЫ__ОСТАВИВ_САНИ_НА_УЛИЦЕ__АННА_АКИМОВНА_ВОШЛА_ВО_ДВОР_И_СПРОСИЛА_ТУТ__КАК_ПРОИТИ_В_И_НОМЕР_К_ЧИНОВНИКУ_ЧАЛИКОВУ__ЕЕ_НАПРАВИЛИ_К_КРАИНЕИ_ДВЕРИ_НАПРАВО__В_ТРЕТИИ_ЭТАЖ__И_ВО_ДВОРЕ__И_ОКОЛО_КРАИНЕИ_ДВЕРИ__ДАЖЕ_НА_ЛЕСТНИЦЕ_БЫЛ_ТОТ_ЖЕ_ПРОТИВНЫИ_ЗАПАХ__ЧТО_И_ПОД_ВОРОТАМИ__В_ДЕТСТВЕ__КОГДА_ОТЕЦ_АННЫ_АКИМОВНЫ_БЫЛ_ПРОСТЫМ_РАБОЧИМ__ОНА_ЖИВАЛА_В_ТАКИХ_ДОМАХ__И_ПОТОМ__КОГДА_ОБСТОЯТЕЛЬСТВА_ИЗМЕНИЛИСЬ__ЧАСТО_ПОСЕЩАЛА_ИХ_В_КАЧЕСТВЕ_БЛАГОТВОРИТЕЛЬНИЦЫ__УЗКАЯ_КАМЕННАЯ_ЛЕСТНИЦА_С_ВЫСОКИМИ_СТУПЕНЯМИ__ГРЯЗНАЯ__ПРЕРЫВАЕМАЯ_В_КАЖДОМ_ЭТАЖЕ_ПЛОЩАДКОЮ__ЗАСАЛЕННЫИ_ФОНАРЬ_В_ПРОЛЕТЕ__СМРАД__НА_ПЛОЩАДКАХ_ОКОЛО_ДВЕРЕИ_КОРЫТА__ГОРШКИ__ЛОХМОТЬЯ___ВСЕ_ЭТО_БЫЛО_ЗНАКОМО_ЕИ_УЖЕ_ДАВНЫМ_ДАВНО__ОДНА_ДВЕРЬ_БЫЛА_ОТКРЫТА__И_В_НЕЕ_ВИДНО_БЫЛО__КАК_НА_СТОЛАХ_СИДЕЛИ_ПОРТНЫЕ_ЕВРЕИ_В_ШАПКАХ_И_ШИЛИ__НА_ЛЕСТНИЦЕ_АННЕ_АКИМОВНЕ_ВСТРЕЧАЛИСЬ_ЛЮДИ__НО_ЕИ_И_В_ГОЛОВУ_НЕ_ПРИХОДИЛО__ЧТО_ЕЕ_МОГУТ_ОБИДЕТЬ__РАБОЧИХ_И_МУЖИКОВ__ТРЕЗВЫХ_И_ПЬЯНЫХ__ОНА_ТАК_ЖЕ_МАЛО_БОЯЛАСЬ__КАК_СВОИХ_ИНТЕЛЛИГЕНТНЫХ_ЗНАКОМЫХ___В_КВАРТИРЕ___СЕНЕИ_НЕ_БЫЛО__И_НАЧИНАЛАСЬ_ОНА_С_КУХНИ__ОБЫКНОВЕННО_В_КВАРТИРАХ_ФАБРИЧНЫХ_И_МАСТЕРОВЫХ_ПАХНЕТ_ЛАКОМ__СМОЛОИ__КОЖЕИ__ДЫМОМ__СМОТРЯ_ПО_ТОМУ__ЧЕМ_ЗАНИМАЕТСЯ_ХОЗЯИН__КВАРТИРЫ_ЖЕ_ОБЕДНЕВШИХ_ДВОРЯН_И_ЧИНОВНИКОВ_УЗНАЮТСЯ_ПО_ПРОМОЗГЛОМУ_ЗАПАХУ_КАКОИ_ТО_КИСЛОТЫ__ЭТОТ_ПРОТИВНЫИ_ЗАПАХ_ОБДАЛ_АННУ_АКИМОВНУ_И_ТЕПЕРЬ__ЕДВА_ОНА_ПЕРЕСТУПИЛА_ПОРОГ__В_УГЛУ_ЗА_СТОЛОМ_СИДЕЛ_СПИНОИ_К_ДВЕРИ_КАКОИ_ТО_МУЖЧИНА_В_ЧЕРНОМ_СЮРТУКЕ__ДОЛЖНО_БЫТЬ__САМ_ЧАЛИКОВ__И_С_НИМ_ПЯТЬ_ДЕВОЧЕК__СТАРШЕИ__ШИРОКОЛИЦЕИ_И_ХУДЕНЬКОИ__С_ГРЕБЕНКОИ_В_ВОЛОСАХ__БЫЛО_НА_ВИД_ЛЕТ_ПЯТНАДЦАТЬ__А_МЛАДШЕИ__ПУХЛЕНЬКОИ__С_ВОЛОСАМИ_КАК_У_ЕЖА___НЕ_БОЛЬШЕ_ТРЕХ__ВСЕ_ШЕСТЕРО_ЕЛИ__ОКОЛО_ПЕЧИ__С_УХВАТОМ_В_РУКЕ__СТОЯЛА_МАЛЕНЬКАЯ__ОЧЕНЬ_ХУДАЯ__С_ЖЕЛТЫМ_ЛИЦОМ_ЖЕНЩИНА_В_ЮБКЕ_И_БЕЛОИ_КОФТОЧКЕ__БЕРЕМЕННАЯ____НЕ_ОЖИДАЛ_Я_ОТ_ТЕБЯ__ЛИЗОЧКА__ЧТО_ТЫ_ТАКАЯ_НЕПОСЛУШНАЯ___ГОВОРИЛ_МУЖЧИНА_С_УКОРИЗНОИ___АИ__АИ__КАК_СТЫДНО__ЗНАЧИТ__ТЫ_ХОЧЕШЬ__ЧТОБЫ_ПАПОЧКА_ТЕБЯ_ВЫСЕК__ДА___УВИДЕВ_НА_ПОРОГЕ_НЕЗНАКОМУЮ_ДАМУ__ТОЩАЯ_ЖЕНЩИНА_ВЗДРОГНУЛА_И_ОСТАВИЛА_УХВАТ____ВАСИЛИИ_НИКИТИЧ___ОКЛИКНУЛА_ОНА_НЕ_СРАЗУ__ГЛУХИМ_ГОЛОСОМ__КАК_БУДТО_НЕ_ВЕРЯ_СВОИМ_ГЛАЗАМ___МУЖЧИНА_ОГЛЯНУЛСЯ_И_ВСКОЧИЛ__ЭТО_БЫЛ_КОСТЛЯВЫИ__УЗКОПЛЕЧИИ_ЧЕЛОВЕК__СО_ВПАЛЫМИ_ВИСКАМИ_И_С_ПЛОСКОЮ_ГРУДЬЮ__ГЛАЗА_У_НЕГО_БЫЛИ_МАЛЕНЬКИЕ__ГЛУБОКИЕ__С_ТЕМНЫМИ_КРУГАМИ__НОС_ДЛИННЫИ__ПТИЧИИ_И_НЕМНОЖКО_ПОКРИВИВШИИСЯ_ВПРАВО__РОТ_ШИРОКИИ__БОРОДА_У_НЕГО_ДВОИЛАСЬ__УСЫ_ОН_БРИЛ_И_ОТ_ЭТОГО_ПОХОДИЛ_БОЛЬШЕ_НА_ВЫЕЗДНОГО_ЛАКЕЯ__ЧЕМ_НА_ЧИНОВНИКА____ЗДЕСЬ_ЖИВЕТ_ГОСПОДИН_ЧАЛИКОВ___СПРОСИЛА_АННА_АКИМОВНА____ТОЧНО_ТАК_С___СТРОГО_ОТВЕТИЛ_ЧАЛИКОВ__НО_ТОТЧАС_ЖЕ_УЗНАЛ_АННУ_АКИМОВНУ_И_ВСКРИКНУЛ___ГОСПОЖА_ГЛАГОЛЕВА__АННА_АКИМОВНА___И_ВДРУГ_ЗАДОХНУЛСЯ_И_ВСПЛЕСНУЛ_РУКАМИ__КАК_БЫ_ОТ_СТРАШНОГО_ИСПУГА__БЛАГОДЕТЕЛЬНИЦА___СО_СТОНОМ_ОН_ПОДБЕЖАЛ_К_НЕИ_И__МЫЧА__КАК_ПАРАЛИЧНЫИ___НА_БОРОДЕ_У_НЕГО_БЫЛА_КАПУСТА__И_ПАХЛО_ОТ_НЕГО_ВОДКОИ___ПРИПАЛ_ЛБОМ_К_МУФТЕ_И_КАК_БЫ_ЗАМЕР____РУЧКУ__РУЧКУ_СВЯТУЮ___ПРОГОВОРИЛ_ОН__ЗАДЫХАЯСЬ___СОН__ПРЕКРАСНЫИ_СОН__ДЕТИ__РАЗБУДИТЕ_МЕНЯ___ОН_ПОВЕРНУЛ_К_СТОЛУ_И_СКАЗАЛ_РЫДАЮЩИМ_ГОЛОСОМ__ПОТРЯСАЯ_КУЛАКАМИ____ПРОВИДЕНИЕ_УСЛЫШАЛО_НАС__ПРИШЛА_НАША_ИЗБАВИТЕЛЬНИЦА__НАШ_АНГЕЛ__МЫ_СПАСЕНЫ__ДЕТИ__НА_КОЛЕНИ__НА_КОЛЕНИ___ГОСПОЖА_ЧАЛИКОВА_И_ДЕВОЧКИ__КРОМЕ_САМОИ_МЛАДШЕИ__СТАЛИ_ДЛЯ_ЧЕГО_ТО_БЫСТРО_УБИРАТЬ_СО_СТОЛА____ВЫ_ПИСАЛИ__ЧТО_ВАША_ЖЕНА_ОЧЕНЬ_БОЛЬНА__СКАЗАЛА_АННА_АКИМОВНА__И_ЕИ_СТАЛО_СОВЕСТНО_И_ДОСАДНО__ПОЛТОРЫ_ТЫСЯЧИ_Я_ЕМУ_НЕ_ДАМ__ПОДУМАЛА_ОНА____ВОТ_ОНА__МОЯ_ЖЕНА___СКАЗАЛ_ЧАЛИКОВ_ТОНКИМ_ЖЕНСКИМ_ГОЛОСКОМ__КАК_БУДТО_СЛЕЗЫ_УДАРИЛИ_ЕМУ_В_ГОЛОВУ___ВОТ_ОНА__НЕСЧАСТНАЯ__ОДНОЮ_НОГОИ_В_МОГИЛЕ__НО_МЫ__СУДАРЫНЯ__НЕ_РОПЩЕМ__ЛУЧШЕ_УМЕРЕТЬ__ЧЕМ_ТАК_ЖИТЬ__УМИРАИ__НЕСЧАСТНАЯ___ЧТО_ОН_ЛОМАЕТСЯ___ПОДУМАЛА_АННА_АКИМОВНА_С_ДОСАДОИ___СЕИЧАС_ВИДНО__ЧТО_ПРИВЫК_ИМЕТЬ_ДЕЛО_С_КУПЦАМИ____ГОВОРИТЕ_СО_МНОИ__ПОЖАЛУИСТА__ПО_ЧЕЛОВЕЧЕСКИ___СКАЗАЛА_ОНА___Я_КОМЕДИИ_НЕ_ЛЮБЛЮ____ДА__СУДАРЫНЯ__ПЯТЕРО_ОСИРОТЕВШИХ_ДЕТЕИ_ВОКРУГ_ГРОБА_МАТЕРИ__ПРИ_ПОГРЕБАЛЬНЫХ_СВЕЧАХ__ЭТО_КОМЕДИЯ__ЭХ___СКАЗАЛ_ЧАЛИКОВ_С_ГОРЕЧЬЮ_И_ОТВЕРНУЛСЯ____ЗАМОЛЧИ___ШЕПНУЛА_ЖЕНА_И_ДЕРНУЛА_ЕГО_ЗА_РУКАВ___У_НАС__СУДАРЫНЯ__НЕ_ПРИБРАНО___СКАЗАЛА_ОНА__ОБРАЩАЯСЬ_К_АННЕ_АКИМОВНЕ___УЖ_ВЫ_ИЗВИНИТЕ__ДЕЛО_СЕМЕИНОЕ__САМИ_ИЗВОЛИТЕ_ЗНАТЬ__В_ТЕСНОТЕ__ДА_НЕ_В_ОБИДЕ___НЕ_ДАМ_Я_ИМ_ПОЛТОРЫ_ТЫСЯЧИ___ОПЯТЬ_ПОДУМАЛА_АННА_АКИМОВНА___И_ЧТОБЫ_ПОСКОРЕЕ_ОТДЕЛАТЬСЯ_ОТ_ЭТИХ_ЛЮДЕИ_И_ОТ_КИСЛОГО_ЗАПАХА__ОНА_УЖЕ_ДОСТАЛА_ПОРТМОНЭ_И_РЕШИЛА_ОСТАВИТЬ_РУБЛЕИ___НЕ_БОЛЬШЕ__НО_ЕИ_ВДРУГ_СТАЛО_СОВЕСТНО__ЧТО_ОНА_ЕХАЛА_ТАК_ДАЛЕКО_И_БЕСПОКОИЛА_ЛЮДЕИ_ИЗ_ЗА_ПУСТЯКОВ____ЕСЛИ_ВЫ_ДАДИТЕ_МНЕ_БУМАГИ_И_ЧЕРНИЛ__ТО_Я_СЕИЧАС_НАПИШУ_ДОКТОРУ__МОЕМУ_ХОРОШЕМУ_ЗНАКОМОМУ__ЧТОБЫ_ОН_ПОБЫВАЛ_У_ВАС___СКАЗАЛА_ОНА__КРАСНЕЯ__ДОКТОР_ОЧЕНЬ_ХОРОШИИ__А_НА_ЛЕКАРСТВА_Я_ВАМ_ОСТАВЛЮ___ГОСПОЖА_ЧАЛИКОВА_БРОСИЛАСЬ_СТИРАТЬ_СО_СТОЛА____ЗДЕСЬ_НЕ_ЧИСТО__КУДА_ТЫ___ПРОШИПЕЛ_ЧАЛИКОВ__ГЛЯДЯ_НА_НЕЕ_СО_ЗЛОБОИ___ПРОВОДИ_К_ЖИЛЬЦУ__ПОЖАЛУИТЕ__СУДАРЫНЯ__К_ЖИЛЬЦУ__ОСМЕЛЮСЬ_ПРОСИТЬ_ВАС__ОБРАТИЛСЯ_ОН_К_АННЕ_АКИМОВНЕ___ТАМ_ЧИСТО____ОСИП_ИЛЬИЧ_НЕ_ВЕЛЕЛ_ХОДИТЬ_В_ЕГО_КОМНАТУ__СКАЗАЛА_СТРОГО_ОДНА_ИЗ_ДЕВОЧЕК___НО_АННУ_АКИМОВНУ_УЖЕ_ПОВЕЛИ_ИЗ_КУХНИ_ЧЕРЕЗ_УЗКУЮ_ПРОХОДНУЮ_КОМНАТУ__МЕЖ_ДВУХ_КРОВАТЕИ__ВИДНО_БЫЛО_ПО_РАСПОЛОЖЕНИЮ_ПОСТЕЛЕИ__ЧТО_НА_ОДНОИ_СПАЛИ_ДВОЕ_ВДОЛЬ__А_НА_ДРУГОИ__ТРОЕ_ПОПЕРЕК__В_СЛЕДУЮЩЕИ_ЗАТЕМ_КОМНАТЕ_ЖИЛЬЦА__В_САМОМ_ДЕЛЕ__БЫЛО_ЧИСТО__ОПРЯТНАЯ_ПОСТЕЛЬ_С_КРАСНЫМ_ШЕРСТЯНЫМ_ОДЕЯЛОМ__ПОДУШКА_В_БЕЛОИ_НАВОЛОЧКЕ__ДАЖЕ_БАШМАЧОК_ДЛЯ_ЧАСОВ__СТОЛ__ПОКРЫТЫИ_ПЕНЬКОВОЮ_СКАТЕРТЬЮ__А_НА_НЕМ_ЧЕРНИЛЬНИЦА_МОЛОЧНОГО_ЦВЕТА__ПЕРЬЯ__БУМАГА__ФОТОГРАФИИ_В_РАМОЧКАХ__ВСЕ_КАК_СЛЕДУЕТ__И_ДРУГОИ_СТОЛ__ЧЕРНЫИ__НА_КОТОРОМ_В_ПОРЯДКЕ_ЛЕЖАЛИ_ЧАСОВЫЕ_ИНСТРУМЕНТЫ_И_РАЗОБРАННЫЕ_ЧАСЫ__НА_СТЕНАХ_БЫЛИ_РАЗВЕШАНЫ_МОЛОТКИ__КЛЕЩИ__БУРАВЧИКИ__СТАМЕСКИ__ПЛОСКОЗУБЦЫ_И_Т__П__И_ВИСЕЛО_ТРОЕ_СТЕННЫХ_ЧАСОВ__КОТОРЫЕ_ТИКАЛИ__ОДНИ_ЧАСЫ_ГРОМАДНЫЕ__С_ТОЛСТЫМИ_ГИРЯМИ__КАКИЕ_БЫВАЮТ_В_ТРАКТИРАХ___ПРИНИМАЯСЬ_ЗА_ПИСЬМО__АННА_АКИМОВНА_УВИДЕЛА_ПЕРЕД_СОБОИ_НА_СТОЛЕ_ПОРТРЕТ_ОТЦА_И_СВОИ_ПОРТРЕТ__ЭТО_ЕЕ_УДИВИЛО____КТО_ЗДЕСЬ_У_ВАС_ЖИВЕТ___СПРОСИЛА_ОНА____ЖИЛЕЦ__СУДАРЫНЯ__ПИМЕНОВ__ОН_У_ВАС_НА_ЗАВОДЕ_СЛУЖИТ____ДА__А_Я_ДУМАЛА__ЧАСОВОИ_МАСТЕР____ЧАСАМИ_ОН_ЗАНИМАЕТСЯ_ПРИВАТНЫМ_ОБРАЗОМ__МЕЖДУ_ДЕЛОМ__ЛЮБИТЕЛЬ_С___ПОСЛЕ_НЕКОТОРОГО_МОЛЧАНИЯ__КОГДА_СЛЫШНО_БЫЛО_ТОЛЬКО__КАК_ТИКАЛИ_ЧАСЫ_И_СКРИПЕЛО_ПЕРО_ПО_БУМАГЕ__ЧАЛИКОВ_ВЗДОХНУЛ_И_СКАЗАЛ_НАСМЕШЛИВО__С_НЕГОДОВАНИЕМ____ПРАВДА_ГОВОРИТСЯ__ИЗ_БЛАГОРОДСТВА_ДА_ИЗ_ЧИНОВ_ШУБЫ_СЕБЕ_НЕ_СОШЬЕШЬ__КОКАРДА_НА_ЛБУ_И_БЛАГОРОДНЫИ_ТИТУЛ__А_КУШАТЬ_НЕЧЕГО__ПО_МОЕМУ__ЕСЛИ_ЧЕЛОВЕК_НИЗКОГО_ЗВАНИЯ_ПОМОГАЕТ_БЕДНЫМ__ТО_ОН_ГОРАЗДО_БЛАГОРОДНЕЕ_КАКОГО_НИБУДЬ_ЧАЛИКОВА__КОТОРЫИ_ПОГРЯЗ_В_НИЩЕТЕ_И_ПОРОКЕ___ЧТОБЫ_ПОЛЬСТИТЬ_АННЕ_АКИМОВНЕ__ОН_СКАЗАЛ_ЕЩЕ_НЕСКОЛЬКО_ФРАЗ__ОБИДНЫХ_ДЛЯ_СВОЕГО_БЛАГОРОДСТВА__И_БЫЛО_ЯСНО__ЧТО_ОН_УНИЖАЛ_СЕБЯ_ПОТОМУ__ЧТО_СЧИТАЛ_СЕБЯ_ВЫШЕ_ЕЕ__ОНА_МЕЖДУ_ТЕМ_КОНЧИЛА_ПИСЬМО_И_ЗАПЕЧАТАЛА__ПИСЬМО_БУДЕТ_БРОШЕНО__А_ДЕНЬГИ_ПОИДУТ_НЕ_НА_ЛЕЧЕНИЕ___ЭТО_ОНА_ЗНАЛА__НО_ВСЕ_ТАКИ_ПОЛОЖИЛА_НА_СТОЛ__РУБЛЕИ_И__ПОДУМАВ__ПРИБАВИЛА_ЕЩЕ_ДВЕ_КРАСНЫХ_БУМАЖКИ__ТОЩАЯ_ЖЕЛТАЯ_РУКА_ГОСПОЖИ_ЧАЛИКОВОИ__ПОХОЖАЯ_НА_КУРИНУЮ_ЛАПКУ__МЕЛЬКНУЛА_У_НЕЕ_ПЕРЕД_ГЛАЗАМИ_И_СЖАЛА_ДЕНЬГИ_В_КУЛАЧОК____ЭТО_ВЫ_ИЗВОЛИЛИ_ДАТЬ_НА_ЛЕКАРСТВА___СКАЗАЛ_ЧАЛИКОВ_ДРОГНУВШИМ_ГОЛОСОМ___НО_ПРОТЯНИТЕ_РУКУ_ПОМОЩИ_ТАКЖЕ_МНЕ__И_ДЕТЯМ___ДОБАВИЛ_ОН_И_ВСХЛИПНУЛ___ДЕТЯМ_НЕСЧАСТНЫМ__НЕ_ЗА_СЕБЯ_БОЮСЬ__ЗА_ДОЧЕРЕИ_БОЮСЬ__ГИДРЫ_РАЗВРАТА_БОЮСЬ___СТАРАЯСЬ_ОТКРЫТЬ_ПОРТМОНЭ__В_КОТОРОМ_ИСПОРТИЛСЯ_ЗАМОЧЕК__АННА_АКИМОВНА_СКОНФУЗИЛАСЬ__ПОКРАСНЕЛА__ЕИ_БЫЛО_СТЫДНО__ЧТО_ЛЮДИ_СТОЯТ_ПЕРЕД_НЕИ__СМОТРЯТ_ЕИ_В_РУКИ_И_ЖДУТ_И__ВЕРОЯТНО__В_ГЛУБИНЕ_ДУШИ_СМЕЮТСЯ_НАД_НЕИ__В_ЭТО_ВРЕМЯ_КТО_ТО_ВОШЕЛ_В_КУХНЮ_И_ЗАСТУЧАЛ_НОГАМИ__СТРЯХИВАЯ_СНЕГ____ЖИЛЕЦ_ПРИШЕЛ___СКАЗАЛА_ГОСПОЖА_ЧАЛИКОВА___АННА_АКИМОВНА_ЕЩЕ_БОЛЬШЕ_СКОНФУЗИЛАСЬ__ЕИ_НЕ_ХОТЕЛОСЬ__ЧТОБЫ_КТО_НИБУДЬ_ИЗ_ЗАВОДСКИХ_ЗАСТАЛ_ЕЕ_В_ЭТОМ_СМЕШНОМ_ПОЛОЖЕНИИ__ЖИЛЕЦ__КАК_НАРОЧНО__ВОШЕЛ_В_СВОЮ_КОМНАТУ_В_ТУ_САМУЮ_МИНУТУ__КОГДА_ОНА__СЛОМАВШИ_НАКОНЕЦ__ЗАМОЧЕК__ПОДАВАЛА_ЧАЛИКОВУ_НЕСКОЛЬКО_БУМАЖЕК__А_ЧАЛИКОВ_МЫЧАЛ__КАК_ПАРАЛИЧНЫИ__И_ИСКАЛ_ГУБАМИ__КУДА_БЫ_ПОЦЕЛОВАТЬ_ЕЕ__В_ЖИЛЬЦЕ_ОНА_УЗНАЛА_РАБОЧЕГО__КОТОРЫИ_КОГДА_ТО_В_КУЗНЕЧНОМ_ОТДЕЛЕНИИ_ГРЕМЕЛ_ПЕРЕД_НЕИ_ЖЕЛЕЗНЫМ_ЛИСТОМ_И_ДАВАЛ_ЕИ_ОБЬЯСНЕНИЯ__ОЧЕВИДНО__ОН_ПРИШЕЛ_ТЕПЕРЬ_ПРЯМО_С_ЗАВОДА__ЛИЦО_У_НЕГО_БЫЛО_СМУГЛОЕ_ОТ_КОПОТИ__И_ОДНА_ЩЕКА_ОКОЛО_НОСА_ЗАПАЧКАНА_САЖЕИ__РУКИ_СОВСЕМ_ЧЕРНЫЕ__И_БЛУЗА_БЕЗ_ПОЯСА_ЛОСНИЛАСЬ_ОТ_МАСЛЯНОИ_ГРЯЗИ__ЭТО_БЫЛ_МУЖЧИНА_ЛЕТ_ТРИДЦАТИ__СРЕДНЕГО_РОСТА__ЧЕРНОВОЛОСЫИ__ПЛЕЧИСТЫИ_И__ПО_ВИДИМОМУ__ОЧЕНЬ_СИЛЬНЫИ__АННА_АКИМОВНА_С_ПЕРВОГО_ЖЕ_ВЗГЛЯДА_ОПРЕДЕЛИЛА_В_НЕМ_СТАРШЕГО__ПОЛУЧАЮЩЕГО_НЕ_МЕНЬШЕ__РУБЛЕИ_В_МЕСЯЦ__СТРОГОГО__КРИКЛИВОГО__БЬЮЩЕГО_РАБОЧИХ_ПО_ЗУБАМ__И_ЭТО_ВИДНО_БЫЛО_ПО_ЕГО_МАНЕРЕ_СТОЯТЬ__ПО_ТОИ_ПОЗЕ__КАКУЮ_ОН_НЕВОЛЬНО_ВДРУГ_ПРИНЯЛ__УВИДЕВ_У_СЕБЯ_В_КОМНАТЕ_ДАМУ__А_ГЛАВНОЕ_ПОТОМУ__ЧТО_У_НЕГО_БЫЛИ_БРЮКИ_НАВЫПУСК__КАРМАНЫ_НА_ГРУДИ_И_ОСТРАЯ__КРАСИВО_ПОДСТРИЖЕННАЯ_БОРОДКА__ПОКОИНЫИ_ОТЕЦ__АКИМ_ИВАНЫЧ__БЫЛ_БРАТОМ_ХОЗЯИНА__А_ВСЕ_ТАКИ_БОЯЛСЯ_СТАРШИХ__ВРОДЕ_ЭТОГО_ЖИЛЬЦА__И_ЗАИСКИВАЛ_У_НИХ____ИЗВИНИТЕ__МЫ_БЕЗ_ВАС_РАСПОРЯДИЛИСЬ_ТУТ___СКАЗАЛА_АННА_АКИМОВНА___РАБОЧИИ_СМОТРЕЛ_НА_НЕЕ_С_УДИВЛЕНИЕМ__КОНФУЗЛИВО_УЛЫБАЛСЯ_И_МОЛЧАЛ____ВЫ_СУДАРЫНЯ__ПОГРОМЧЕ___ТИХО_СКАЗАЛ_ЧАЛИКОВ___ГОСПОДИН_ПИМЕНОВ__КОГДА_ПРИХОДЯТ_ПО_ВЕЧЕРАМ_С_ЗАВОДА__БЫВАЮТ_ТУГИ_НА_УХО___НО_АННА_АКИМОВНА_БЫЛА_УЖЕ_РАДА_ЧТО_ЕИ_ТУТ_БОЛЬШЕ_НЕЧЕГО_ДЕЛАТЬ__КИВНУЛА_ГОЛОВОИ_И_БЫСТРО_ВЫШЛА__ПИМЕНОВ_ПОШЕЛ_ПРОВОДИТЬ_ЕЕ____ВЫ_ДАВНО_У_НАС_СЛУЖИТЕ___СПРОСИЛА_ОНА_ГРОМКО__НЕ_ОБОРАЧИВАЯСЬ_К_НЕМУ____С_ДЕВЯТИ_ЛЕТ__Я_ЕЩЕ_ПРИ_ВАШЕМ_ДЯДЕНЬКЕ_ОПРЕДЕЛИЛСЯ____КАК__ОДНАКО__ДАВНО__ВОТ_ДЯДЯ_И_ОТЕЦ_ЗНАЛИ_ВСЕХ_СЛУЖАЩИХ__А_Я_ПОЧТИ_НИКОГО_НЕ_ЗНАЮ__Я_ВАС_ВИДЕЛА_И_РАНЬШЕ__НО_НЕ_ЗНАЛА__ЧТО_ВАША_ФАМИЛИЯ_ПИМЕНОВ___АННА_АКИМОВНА_ЧУВСТВОВАЛА_ЖЕЛАНИЕ_ОПРАВДАТЬСЯ_ПЕРЕД_НИМ__СДЕЛАТЬ_ВИД__ЧТО_ДАВАЛА_ОНА_СЕИЧАС_ДЕНЬГИ_НЕ_СЕРЬЕЗНО__А_ШУТЯ____ОХ__ЭТА_БЕДНОСТЬ___ВЗДОХНУЛА_ОНА___ТВОРИМ_МЫ_ДОБРЫЕ_ДОЛА_И_В_ПРАЗДНИКИ__И_В_БУДНИ__А_ВСЕ_ТОЛКУ_НЕТ__МНЕ_КАЖЕТСЯ__ЧТО_ПОМОГАТЬ_ТАКИМ__КАК_ЭТОТ_ЧАЛИКОВ__БЕСПОЛЕЗНО____КОНЕЧНО__БЕСПОЛЕЗНО___СОГЛАСИЛСЯ_ПИМЕНОВ___СКОЛЬКО_НИ_ДАИТЕ__ВСЕ_ПРОПЬЕТ__А_ТЕПЕРЬ_ВСЮ_НОЧЬ_МУЖ_И_ЖЕНА_БУДУТ_ОТНИМАТЬ_ДРУГ_У_ДРУЖКИ_И_ДРАТЬСЯ___ДОБАВИЛ_ОН_И_ЗАСМЕЯЛСЯ____ДА__НАДО_СОЗНАТЬСЯ__НАША_ФИЛАНТРОПИЯ_БЕСПОЛЕЗНА__СКУЧНА_И_СМЕШНА__НО_ВЕДЬ_ТОЖЕ__СОГЛАСИТЕСЬ__НЕЛЬЗЯ_СИДЕТЬ_СЛОЖА_РУКИ__НАДО_ДЕЛАТЬ_ЧТО_НИБУДЬ__НАПРИМЕР__ЧТО_ДЕЛАТЬ_С_ЧАЛИКОВЫМИ___ОНА_ОБЕРНУЛАСЬ_К_ПИМЕНОВУ_И_ОСТАНОВИЛАСЬ__ОЖИДАЯ_ОТ_НЕГО_ОТВЕТА__ОН_ТОЖЕ_ОСТАНОВИЛСЯ_И_МЕДЛЕННО_И_МОЛЧА_ПОЖАЛ_ПЛЕЧАМИ__ОЧЕВИДНО__ОН_ЗНАЛ__ЧТО_ДЕЛАТЬ_С_ЧАЛИКОВЫМИ__НО_ЭТО_БЫЛО_ТАК_ГРУБО_И_НЕЧЕЛОВЕЧНО__ЧТО_ОН_НЕ_РЕШАЛСЯ_ДАЖЕ_СКАЗАТЬ__И_ЧАЛИКОВЫ_БЫЛИ_ДЛЯ_НЕГО_ДО_ТАКОИ_СТЕПЕНИ_НЕ_ИНТЕРЕСНЫ_И_НИЧТОЖНЫ__ЧТО_ЧЕРЕЗ_МГНОВЕНИЕ_ОН_УЖЕ_НЕ_ПОМНИЛ_О_НИХ__ГЛЯДЯ_В_ГЛАЗА_АННЕ_АКИМОВНЕ__ОН_УЛЫБАЛСЯ_ОТ_УДОВОЛЬСТВИЯ__И_ВЫРАЖЕНИЕ_У_НЕГО_БЫЛО_ТАКОЕ__КАК_БУДТО_ЕМУ_СНИЛОСЬ_ЧТО_ТО_ОЧЕНЬ_ХОРОШЕЕ__АННА_АКИМОВНА_ТОЛЬКО_ТЕПЕРЬ__СТОЯ_К_НЕМУ_БЛИЗКО__ПО_ЕГО_ЛИЦУ__ОСОБЕННО_ПО_ГЛАЗАМ__УВИДАЛА__КАК_ОН_УТОМЛЕН_И_КАК_ЕМУ_ХОЧЕТСЯ_СПАТЬ___ВОТ_ЕМУ_БЫ_ДАТЬ_ТЕ_ПОЛТОРЫ_ТЫСЯЧИ__ПОДУМАЛА_ОНА__НО_ЭТА_МЫСЛЬ_ПОЧЕМУ_ТО_ПОКАЗАЛАСЬ_ЕИ_НЕСООБРАЗНОИ_И_ОСКОРБИТЕЛЬНОИ_ДЛЯ_ПИМЕНОВА____У_ВАС_НЕБОСЬ_ВСЕ_ТЕЛО_БОЛИТ_ОТ_РАБОТЫ__А_ВЫ_МЕНЯ_ПРОВОЖАЕТЕ__СКАЗАЛА_ОНА__СПУСКАЯСЬ_ПО_ЛЕСТНИЦЕ___ИДИТЕ_ДОМОИ___НО_ОН_НЕ_РАССЛЫШАЛ__КОГДА_ВЫХОДИЛИ_НА_УЛИЦУ__ОН_ЗАБЕЖАЛ_ВПЕРЕД__ОТСТЕГНУЛ_У_САНЕИ_ПОЛСТЬ_И__ПОДСАЖИВАЯ_АННУ_АКИМОВНУ__СКАЗАЛ____БЛАГОПОЛУЧНО_ПРАЗДНИКА_ВСТРЕТИТЬ____УЖ_ДАВНО_ОТЗВОНИЛИ__НАКАЗАНИЕ_ГОСПОДНЕ__И_К_ШАПОЧНОМУ_РАЗБОРУ_НЕ_ПОСПЕЕТЕ__ВСТАВАИТЕ____ДВЕ_ЛОШАДИ_БЕГУТ__БЕГУТ___СКАЗАЛА_АННА_АКИМОВНА_И_ПРОСНУЛАСЬ__ПЕРЕД_НЕИ_СО_СВЕЧОИ_В_РУКАХ_СТОЯЛА_ЕЕ_ГОРНИЧНАЯ__РЫЖАЯ_МАША___ЧТО__ЧТО_ТЕБЕ____ОБЕДНЯ_УЖЕ_ОТОШЛА___ГОВОРИЛА_МАША_С_ОТЧАЯНЬЕМ___ТРЕТИИ_РАЗ_БУЖУ__ПО_МНЕ_ХОТЬ_ДО_ВЕЧЕРА_СПИТЕ__НО_ВЕДЬ_САМИ_ПРИКАЗАЛИ_БУДИТЬ___АННА_АКИМОВНА_ПРИПОДНЯЛАСЬ_НА_ЛОКОТЬ_И_ВЗГЛЯНУЛА_НА_ОКНО__НА_ДВОРЕ_ЕЩЕ_БЫЛО_СОВСЕМ_ТЕМНО__И_ТОЛЬКО_НИЖНИИ_КРАИ_ОКОННОИ_РАМЫ_БЕЛЕЛ_ОТ_СНЕГА__СЛЫШАЛСЯ_ГУСТОИ_НИЗКИИ_ЗВОН__НО_ЭТО_ЗВОНИЛИ_НЕ_В_ПРИХОДЕ__А_ГДЕ_ТО_ДАЛЬШЕ__ЧАСЫ_НА_СТОЛИКЕ_ПОКАЗЫВАЛИ_ТРИ_МИНУТЫ_СЕДЬМОГО____ХОРОШО__МАША__ЧЕРЕЗ_ТРИ_МИНУТКИ__СКАЗАЛА_АННА_АКИМОВНА_УМОЛЯЮЩИМ_ГОЛОСОМ_И_УКРЫЛАСЬ_С_ГОЛОВОИ___ОНА_ПРЕДСТАВИЛА_СЕБЕ_СНЕГ_У_КРЫЛЬЦА__САНИ__ТЕМНОЕ_НЕБО__ТОЛПУ_В_ЦЕРКВИ_И_ЗАПАХ_МОЖЖЕВЕЛЬНИКА__И_ЕИ_СТАЛО_ЖУТКО__НО_ОНА_ВСЕ_ТАКИ_РЕШИЛА__ЧТО_ТОТЧАС_ЖЕ_ВСТАНЕТ_И_ПОЕДЕТ_К_РАННЕИ_ОБЕДНЕ__И_ПОКА_ОНА_ГРЕЛАСЬ_В_ПОСТЕЛИ_И_БОРОЛАСЬ_СО_СНОМ__КОТОРЫИ__КАК_НАРОЧНО__БЫВАЕТ_УДИВИТЕЛЬНО_СЛАДОК__КОГДА_НЕ_ВЕЛЯТ_СПАТЬ__И_ПОКА_ЕИ_МЕРЕЩИЛСЯ_ТО_ГРОМАДНЫИ_САД_НА_ГОРЕ__ТО_ГУЩИНСКИИ_ДОМ__ЕЕ_ВСЕ_ВРЕМЯ_БЕСПОКОИЛА_МЫСЛЬ__ЧТО_ЕИ_НАДО_СИЮ_МИНУТУ_ВСТАВАТЬ_И_ЕХАТЬ_В_ЦЕРКОВЬ___НО_КОГДА_ОНА_ВСТАЛА__БЫЛО_УЖЕ_СОВСЕМ_СВЕТЛО__И_ЧАСЫ_ПОКАЗЫВАЛИ_ПОЛОВИНУ_ДЕСЯТОГО__ЗА_НОЧЬ_НАВАЛИЛО_МНОГО_НОВОГО_СНЕГУ__ДЕРЕВЬЯ_ОДЕЛИСЬ_В_БЕЛОЕ__И_ВОЗДУХ_БЫЛ_НЕОБЫКНОВЕННО_СВЕТЕЛ__ПРОЗРАЧЕН_И_НЕЖЕН__ТАК_ЧТО_КОГДА_АННА_АКИМОВНА_ПОГЛЯДЕЛА_В_ОКНО__ТО_ЕИ__ПРЕЖДЕ_ВСЕГО__ЗАХОТЕЛОСЬ_ВЗДОХНУТЬ_ГЛУБОКО_ГЛУБОКО__А_КОГДА_ОНА_УМЫВАЛАСЬ__ОСТАТОК_ДАВНЕГО_ДЕТСКОГО_ЧУВСТВА__РАДОСТЬ__ЧТО_СЕГОДНЯ_РОЖДЕСТВО__ВДРУГ_ШЕВЕЛЬНУЛАСЬ_В_ЕЕ_ГРУДИ__И_ПОСЛЕ_ЭТОГО_СТАЛО_ЛЕГКО__СВОБОДНО_И_ЧИСТО_НА_ДУШЕ__КАК_БУДТО_И_ДУША_УМЫЛАСЬ_ИЛИ_ОКУНУЛАСЬ_В_БЕЛЫИ_СНЕГ__ВОШЛА_МАША__РАЗРЯЖЕННАЯ_И_КРЕПКО_ЗАТЯНУТАЯ_В_КОРСЕТ__И_ПОЗДРАВИЛА_С_ПРАЗДНИКОМ__ПОТОМ_ОНА_ДОЛГО_ПРИЧЕСЫВАЛА_И_ПОМОГАЛА_НАДЕВАТЬ_ПЛАТЬЕ__ЗАПАХ_И_ОЩУЩЕНИЕ_НОВОГО__ПЫШНОГО__ПРЕКРАСНОГО_ПЛАТЬЯ__ЕГО_ЛЕГКИИ_ШУМ_И_ЗАПАХ_СВЕЖИХ_ДУХОВ_ВОЗБУЖДАЛИ_АННУ_АКИМОВНУ____ВОТ_И_СВЯТКИ___СКАЗАЛА_ОНА_ВЕСЕЛО_МАШЕ___ТЕПЕРЬ_БУДЕМ_ГАДАТЬ____МНЕ_ЛЕТОШНИИ_ГОД_ВЫШЛО__ЗА_СТАРИКОМ_БЫТЬ__ТРИ_РАЗА_ТАК_ВЫХОДИЛО____НУ__БОГ_МИЛОСТИВ____А_ЧТО_Ж__АННА_АКИМОВНА__Я_ТАК_ДУМАЮ__ЧЕМ_НИ_ТО_НИ_СЕ__НИ_ДВА_НИ_ПОЛТОРА__ТАК_УЖ_ЛУЧШЕ_ЗА_СТАРИКА___СКАЗАЛА_ПЕЧАЛЬНО_МАША_И_ВЗДОХНУЛА__МНЕ_УЖ_ДВАДЦАТЬ_ПЕРВЫИ_ГОД_ПОШЕЛ__НЕ_ШУТКА___ВСЕМ_В_ДОМЕ_БЫЛО_ИЗВЕСТНО__ЧТО_РЫЖАЯ_МАША_БЫЛА_ВЛЮБЛЕНА_В_ЛАКЕЯ_МИШЕНЬКУ__И_ВОТ_УЖЕ_ТРИ_ГОДА__КАК_ПРОДОЛЖАЛАСЬ_ЭТА_ГЛУБОКАЯ__СТРАСТНАЯ__НО_БЕЗНАДЕЖНАЯ_ЛЮБОВЬ____НУ__ПОЛНО_ПУСТЯКИ_ГОВОРИТЬ___УТЕШИЛА_АННА_АКИМОВНА___МНЕ_СКОРО_ТРИДЦАТЬ_ЛЕТ__А_Я_ВС__СОБИРАЮСЬ_ЗА_МОЛОДОГО___ПОКА_ХОЗЯИКА_ОДЕВАЛАСЬ__МИШЕНЬКА__В_НОВОМ_ФРАКЕ_И_В_ЛАКИРОВАННЫХ_БОТИНКАХ__ХОДИЛ_ПО_ЗАЛЕ_И_ГОСТИНОИ_И_ЖДАЛ__КОГДА_ОНА_ВЫИДЕТ__ЧТОБЫ_ПОЗДРАВИТЬ_ЕЕ_С_ПРАЗДНИКОМ__ОН_ХОДИЛ_ВСЕГДА_КАК_ТО_ОСОБЕННО__МЯГКО_И_НЕЖНО_СТУПАЯ__ГЛЯДЯ_ПРИ_ЭТОМ_НА_ЕГО_НОГИ__РУКИ_И_НАКЛОН_ГОЛОВЫ__МОЖНО_БЫЛО_ПОДУМАТЬ__ЧТО_ОН_ЭТО_НЕ_ПРОСТО_ХОДИТ__А_УЧИТСЯ_ТАНЦЕВАТЬ_ПЕРВУЮ_ФИГУРУ_КАДРИЛИ__НЕСМОТРЯ_НА_СВОИ_ТОНКИЕ_БАРХАТНЫЕ_УСИКИ_И_КРАСИВУЮ__НЕСКОЛЬКО_ДАЖЕ_ШУЛЕРСКУЮ_НАРУЖНОСТЬ__ОН_БЫЛ_СТЕПЕНЕН__РАССУДИТЕЛЕН__НАБОЖЕН__КАК_СТАРИК__МОЛИЛСЯ_ОН_БОГУ_ВСЕГДА_С_ЗЕМНЫМИ_ПОКЛОНАМИ_И_ЛЮБИЛ_КАДИТЬ_У_СЕБЯ_В_КОМНАТЕ_ЛАДАНОМ__БОГАТЫХ_И_ЗНАТНЫХ_ОН_УВАЖАЛ_И_БЛАГОГОВЕЛ_ПРЕД_НИМИ__БЕДНЯКОВ_ЖЕ_И_ВСЯКОГО_РОДА_ПРОСИТЕЛЕИ_ПРЕЗИРАЛ_ВСЕЮ_СИЛОЮ_СВОЕИ_ЛАКЕИСКИ_ЧИСТОПЛОТНОИ_ДУШИ__ПОД_КРАХМАЛЬНОЮ_СОРОЧКОИ_У_НЕГО_БЫЛА_ЕЩЕ_ФЛАНЕЛЕВАЯ__КОТОРУЮ_ОН_НОСИЛ_ЗИМОЮ_И_ЛЕТОМ__КРЕПКО_ДОРОЖА_СВОИМ_ЗДОРОВЬЕМ__УШИ_БЫЛИ_ЗАТКНУТЫ_ВАТОИ___КОГДА_ЧЕРЕЗ_ЗАЛУ_ПРОХОДИЛА_АННА_АКИМОВНА_С_МАШЕИ__ОН_СКЛОНИЛ_ГОЛОВУ_ВНИЗ_И_НЕСКОЛЬКО_НАБОК_И_СКАЗАЛ_СВОИМ_ПРИЯТНЫМ__МЕДОВЫМ_ГОЛОСОМ____ЧЕСТЬ_ИМЕЮ_ПОЗДРАВИТЬ_ВАС__АННА_АКИМОВНА__С_ВЫСОКОТОРЖЕСТВЕННЫМ_ПРАЗДНИКОМ_РОЖДЕСТВА_ХРИСТОВА___АННА_АКИМОВНА_ДАЛА_ЕМУ_ПЯТЬ_РУБЛЕИ__А_БЕДНАЯ_МАША_ОБОМЛЕЛА__ЕГО_ПРАЗДНИЧНЫИ_ВИД__ПОЗА__ГОЛОС_И_ТО__ЧТО_ОН_СКАЗАЛ__ПОРАЗИЛИ_ЕЕ_СВОЕЮ_КРАСОТОИ_И_ИЗЯЩЕСТВОМ__ПРОДОЛЖАЯ_ИДТИ_ЗА_СВОЕЮ_БАРЫШНЕИ__ОНА_УЖЕ_НИ_О_ЧЕМ_НЕ_ДУМАЛА__НИЧЕГО_НЕ_ВИДЕЛА_И_ТОЛЬКО_УЛЫБАЛАСЬ_ТО_БЛАЖЕННО__ТО_ГОРЬКО___ВЕРХНИИ_ЭТАЖ_В_ДОМЕ_НАЗЫВАЛСЯ_ЧИСТОИ__ИЛИ_БЛАГОРОДНОИ_ПОЛОВИНОИ_И_ХОРОМАМИ__НИЖНЕМУ_ЖЕ__ГДЕ_ХОЗЯИНИЧАЛА_ТЕТУШКА_ТАТЬЯНА_ИВАНОВНА__БЫЛО_ПРИСВОЕНО_НАЗВАНИЕ_ТОРГОВОИ__СТАРИКОВСКОИ__ИЛИ_ПРОСТО_БАБЬЕИ_ПОЛОВИНЫ__В_ПЕРВОИ_ПРИНИМАЛИ_ОБЫКНОВЕННО_БЛАГОРОДНЫХ_И_ОБРАЗОВАННЫХ__А_ВО_ВТОРОИ__КОГО_ПОПРОЩЕ_И_ЛИЧНЫХ_ЗНАКОМЫХ_ТЕТУШКИ__КРАСИВАЯ__ПОЛНАЯ__ЗДОРОВАЯ__ЕЩЕ_МОЛОДАЯ_И_СВЕЖАЯ__ЧУВСТВУЯ_НА_СЕБЕ_РОСКОШНОЕ_ПЛАТЬЕ__ОТ_КОТОРОГО__КАЗАЛОСЬ_ЕИ__ВО_ВСЕ_СТОРОНЫ_ШЛО_СИЯНИЕ__АННА_АКИМОВНА_СПУСТИЛАСЬ_В_НИЖНИИ_ЭТАЖ__ТУТ_ЕЕ_ВСТРЕТИЛИ_УПРЕКАМИ__ЧТО_ОНА__ОБРАЗОВАННАЯ__БОГА_ЗАБЫЛА__ПРОСПАЛА_ОБЕДНЮ_И_НЕ_ПРИХОДИЛА_ВНИЗ_РАЗГОВЛЯТЬСЯ__И_ВСЕ_ВСПЛЕСКИВАЛИ_РУКАМИ_И_ИСКРЕННО_ГОВОРИЛИ__ЧТО_ОНА_КРАСИВАЯ__НЕОБЫКНОВЕННАЯ__И_ОНА_ВЕРИЛА_ЭТОМУ__СМЕЯЛАСЬ__ЦЕЛОВАЛАСЬ_И_СОВАЛА_КОМУ_РУБЛЬ__КОМУ_ТРИ_ИЛИ_ПЯТЬ__СМОТРЯ_ПО_ЧЕЛОВЕКУ__ЕИ_НРАВИЛОСЬ_ВНИЗУ__КУДА_НИ_ВЗГЛЯНЕШЬ__КИОТЫ__ОБРАЗА__ЛАМПАДЫ__ПОРТРЕТЫ_ДУХОВНЫХ_ОСОБ__ПАХНЕТ_МОНАХАМИ__В_КУХНЕ_СТУЧАТ_НОЖАМИ__И_УЖЕ_ПОНЕССЯ_ПО_ВСЕМ_КОМНАТАМ_ЗАПАХ_ЧЕГО_ТО_СКОРОМНОГО__ОЧЕНЬ_ВКУСНОГО__ЖЕЛТЫЕ_КРАШЕНЫЕ_ПОЛЫ_СИЯЮТ__И_ОТ_ДВЕРЕИ_К_ПЕРЕДНИМ_УГЛАМ_ИДУТ_ДОРОЖКАМИ_УЗКИЕ_КОВРЫ_С_ЯРКО_СИНИМИ_ПОЛОСАМИ__А_СОЛНЦЕ_ТАК_И_РЕЖЕТ_В_ОКНА___В_СТОЛОВОИ_СИДЯТ_КАКИЕ_ТО_ЧУЖИЕ_СТАРУШКИ__В_КОМНАТЕ_ВАРВАРУШКИ_ТОЖЕ_СТАРУШКИ_И_С_НИМИ_ГЛУХОНЕМАЯ_ДЕВИЦА__КОТОРАЯ_ВСЕ_СТЫДИТСЯ_ЧЕГО_ТО_И_ГОВОРИТ__БЛЫ__БЛЫ__ДВЕ_ТОЩЕНЬКИЕ_ДЕВОЧКИ__ВЗЯТЫЕ_ИЗ_ПРИЮТА_НА_ПРАЗДНИКИ__ПОДОШЛИ_К_АННЕ_АКИМОВНЕ__ЧТОБЫ_ПОЦЕЛОВАТЬ_РУЧКУ__И_ОСТАНОВИЛИСЬ_ПЕРЕД_НЕИ__ПОРАЖЕННЫЕ_РОСКОШЬЮ_ЕЕ_ПЛАТЬЯ__ОНА_ЗАМЕТИЛА__ЧТО_ОДНА_ИЗ_ДЕВОЧЕК_КОСЕНЬКАЯ__И_СРЕДИ_ЛЕГКОГО_ПРАЗДНИЧНОГО_НАСТРОЕНИЯ_У_НЕЕ_ВДРУГ_БОЛЕЗНЕННО_СЖАЛОСЬ_СЕРДЦЕ_ОТ_МЫСЛИ__ЧТО_ЭТОЮ_ДЕВОЧКОИ_БУДУТ_ПРЕНЕБРЕГАТЬ_ЖЕНИХИ_И_ОНА_НИКОГДА_НЕ_ВЫИДЕТ_ЗАМУЖ__В_КОМНАТЕ_У_КУХАРКИ_АГАФЬЮШКИ_ЗА_САМОВАРОМ_СИДЕЛО_ЧЕЛОВЕК_ПЯТЬ_ГРОМАДНЫХ_МУЖИКОВ_В_НОВЫХ_РУБАХАХ__НО_ЭТО_БЫЛИ_НЕ_РАБОЧИЕ_С_ЗАВОДА__А_КУХОННАЯ_РОДНЯ__УВИДЕВ_АННУ_АКИМОВНУ__МУЖИКИ_ВСКОЧИЛИ_С_МЕСТ_И_ИЗ_ПРИЛИЧИЯ_ПЕРЕСТАЛИ_ЖЕВАТЬ__ХОТЯ_У_ВСЕХ_БЫЛИ_ПОЛНЫЕ_РТЫ__В_КОМНАТУ_ВОШЕЛ_ИЗ_КУХНИ_ПОВАР_СТЕПАН__В_БЕЛОМ_КОЛПАКЕ_И_С_НОЖОМ_В_РУКЕ__И_ПОЗДРАВИЛ__ПРИШЛИ_ДВОРНИКИ_В_ВАЛЕНКАХ_И_ТОЖЕ_ПОЗДРАВИЛИ__ВЫГЛЯНУЛ_ВОДОВОЗ_С_СОСУЛЬКАМИ_НА_БОРОДЕ__НО_НЕ_ПОСМЕЛ_ВОИТИ___АННА_АКИМОВНА_ХОДИЛА_ПО_КОМНАТАМ__А_ЗА_НЕЮ_ВЕСЬ_ШТАТ__ТЕТУШКА__ВАРВАРУШКА__ННКАНДРОВНА__ШВЕИКА_МАРФА_ПЕТРОВНА__НИЖНЯЯ_МАША__ВАРВАРУШКА__ХУДАЯ__ТОНКАЯ__ВЫСОКАЯ__ВЫШЕ_ВСЕХ_В_ДОМЕ__ОДЕТАЯ_ВО_ВСЕ_ЧЕРНОЕ__ПАХНУЩАЯ_КИПАРИСОМ_И_КОФЕЕМ__В_КАЖДОИ_КОМНАТЕ_КРЕСТИЛАСЬ_НА_ОБРАЗА_И_КЛАНЯЛАСЬ_В_ПОЯС__И_ПРИ_ВЗГЛЯДЕ_НА_НЕЕ_ПОЧЕМУ_ТО_ВСЯКИИ_РАЗ_ПРИХОДИЛО_НА_ПАМЯТЬ__ЧТО_ОНА_УЖЕ_ПРИГОТОВИЛА_СЕБЕ_К_СМЕРТНОМУ_ЧАСУ_САВАН_И_ЧТО_В_ТОМ_ЖЕ_СУНДУКЕ__ГДЕ_ЛЕЖИТ_ЭТОТ_САВАН__СПРЯТАНЫ_ТАКЖЕ_ЕЕ_ВЫИГРЫШНЫЕ_БИЛЕТЫ____ТЫ__АНЮТИНЬКА__БУДЬ_МИЛОСТИВА_РАДИ_ПРАЗДНИКА___СКАЗАЛА_ОНА__ОТВОРЯЯ_ДВЕРЬ_В_КУХНЮ___ПРОСТИ_ЕГО__УЖ_БОГ_С_НИМ__НУ_ИХ___СРЕДИ_КУХНИ_НА_КОЛЕНЯХ_СТОЯЛ_КУЧЕР_ПАНТЕЛЕИ__УВОЛЕННЫИ_ЗА_ПЬЯНСТВО_ЕЩЕ_В_НОЯБРЕ__ЭТО_БЫЛ_ДОБРЫИ_ЧЕЛОВЕК__НО_ВО_ХМЕЛЮ_ОН_БЫВАЛ_БУЕН_И_НИКАК_НЕ_МОГ_УСНУТЬ__А_ВС__ХОДИЛ_В_КОРПУСА_И_КРИЧАЛ_ТАМ_УГРОЖАЮЩИМ_ТОНОМ__МНЕ_ВСЕ_ИЗВЕСТНО__ТЕПЕРЬ_ПО_ЕГО_БРЫЛАСТОМУ__ОПУХШЕМУ_ЛИЦУ_И_ПО_ГЛАЗАМ__НАЛИТЫМ_КРОВЬЮ__ВИДНО_БЫЛО__ЧТО_С_НОЯБРЯ_ДО_ПРАЗДНИКА_ОН_ПИЛ_НЕ_ПЕРЕСТАВАЯ____ПРОСТИТЕ__АННА_АКИМОВНА___ПРОГОВОРИЛ_ОН_ХРИПЛЫМ_ГОЛОСОМ__СТУКНУВ_ЛБОМ_О_ПОЛ_И_ПОКАЗЫВАЯ_СВОИ_БЫЧИИ_ЗАТЫЛОК____ТЕБЯ_ТЕТУШКА_УВОЛИЛА__У_НЕЕ_И_ПРОСИ____ЧТО_ТЕТУШКА___ГОВОРИЛА_ТЕТУШКА__ВХОДЯ_В_КУХНЮ_И_ТЯЖЕЛО_ДЫША__ОНА_БЫЛА_ОЧЕНЬ_ТОЛСТА__И_НА_ЕЕ_ГРУДИ_МОГЛИ_БЫ_ПОМЕСТИТЬСЯ_САМОВАР_И_ПОДНОС_С_ЧАШКАМИ___ЧТО_ТАМ_ЕЩЕ_ТЕТУШКА__ТЫ_ТУТ_ХОЗЯИКА__ТЫ_И_РАСПОРЯЖАИСЯ__А_ПО_МНЕ_ИХ__ПОДЛЕЦОВ__ХОТЬ_БЫ_ВОВСЕ_НЕ_БЫЛО__НУ__ВСТАВАИ__БОРОВ___КРИКНУЛА_ОНА_НА_ПАНТЕЛЕЯ__НЕ_ВЫТЕРПЕВ___ПОШЕЛ_С_ГЛАЗ__ПОСЛЕДНИИ_РАЗ_ТЕБЯ_ПРОЩАЮ__А_СЛУЧИТСЯ_ОПЯТЬ_ГРЕХ__НЕ_ПРОСИ_МИЛОСТИ___ЗАТЕМ_ПОШЛИ_В_СТОЛОВУЮ_ПИТЬ_КОФЕ__НО_ЕДВА_СЕЛИ_ЗА_СТОЛ__КАК_ОПРОМЕТЬЮ_ВБЕЖАЛА_НИЖНЯЯ_МАША_И_ПРОГОВОРИЛА_С_УЖАСОМ__ПЕВЧИЕ___И_ПОБЕЖАЛА_НАЗАД__ПОСЛЫШАЛИСЬ_СМОРКАНЬЕ__НИЗКИИ_БАСОВЫИ_КАШЕЛЬ_И_ШУМ_ШАГОВ__ПОХОЖИИ_НА_ТО__КАК_БУДТО_В_ПЕРЕДНЮЮ_ОКОЛО_ЗАЛЫ_ВВОДИЛИ_ПОДКОВАННЫХ_ЛОШАДЕИ__НА_ПОЛМИНУТЫ_ВСЕ_ЗАТИХЛО__ПЕВЧИЕ_ВСКРИКНУЛИ_ВНЕЗАПНО_И_ТАК_ГРОМКО__ЧТО_ВСЕ_ВЗДРОГНУЛИ__ПОКА_ОНИ_ПЕЛИ__ПРИЕХАЛ_БОГАДЕЛЕНСКИИ_БАТЮШКА__А_С_НИМ_ДЬЯКОН_И_ДЬЯЧОК__НАДЕВАЯ_ЕПИТРАХИЛЬ__БАТЮШКА_МЕДЛЕННО_РАССКАЗАЛ__ЧТО_НОЧЬЮ__КОГДА_ЗВОНИЛИ_К_УТРЕНЕ__ШЕЛ_СНЕГ_И_БЫЛО_НЕ_ХОЛОДНО__А_К_УТРУ_МОРОЗ_СТАЛ_КРЕПЧАТЬ__БОГ_С_НИМ__И_ТЕПЕРЬ__ДОЛЖНО_БЫТЬ__ГРАДУСОВ_ДВАДЦАТЬ____МНОГИЕ_ОДНАКО_УТВЕРЖДАЮТ__ЧТО_ЗИМА_ДЛЯ_ЧЕЛОВЕКА_ЗДОРОВЕЕ__ЧЕМ_ЛЕТО___СКАЗАЛ_ДЬЯКОН__НО_ТОТЧАС_ЖЕ_ПРИДАЛ_СВОЕМУ_ЛИЦУ_СУРОВОЕ_ВЫРАЖЕНИЕ_И_ЗАПЕЛ_ВСЛЕД_ЗА_СВЯЩЕННИКОМ__РОЖДЕСТВО_ТВОЕ__ХРИСТЕ_БОЖЕ_НАШ___ВСКОРЕ_ПРИЕХАЛ_БАТЮШКА_ИЗ_ЧЕРНОРАБОЧЕИ_БОЛЬНИЦЫ_С_ДЬЯЧКОМ__ПОТОМ_СЕСТРЫ_ИЗ_ОБЩИНЫ__ДЕТИ_ИЗ_ПРИЮТА__И_ПЕНИЕ_СЛЫШАЛОСЬ_ПОЧТИ_НЕПРЕРЫВНО__ПЕЛИ__ЗАКУСЫВАЛИ_И_УХОДИЛИ___ПРИШЛИ_С_ПОЗДРАВЛЕНИЕМ_СЛУЖАЩИЕ_НА_ЗАВОДЕ__ЧЕЛОВЕК_ДВАДЦАТЬ__ТУТ_БЫЛИ_ОДНИ_ТОЛЬКО_СТАРШИЕ__МЕХАНИКИ__ИХ_ПОМОЩНИКИ__МОДЕЛЬЩИКИ__БУХГАЛТЕР_И_ПРОЧ___ВСЕ_БЛАГООБРАЗНЫЕ__В_НОВЫХ_ЧЕРНЫХ_СЮРТУКАХ__ВС__ЭТО_БЫЛИ_МОЛОДЦЫ__ТОЧНО_НА_ПОДБОР__КАЖДЫИ_ЗНАЛ_СЕБЕ_ЦЕНУ__Т__Е__ЗНАЛ__ЧТО__ПОТЕРЯИ_ОН_СЕГОДНЯ_МЕСТО__ЗАВТРА_ЖЕ_ЕГО_С_УДОВОЛЬСТВИЕМ_ПРИГЛАСЯТ_НА_ДРУГОИ_ЗАВОД__ПО_ВИДИМОМУ__ТЕТУШКУ_ОНИ_ЛЮБИЛИ__ТАК_КАК_ДЕРЖАЛИ_СЕБЯ_ПРИ_НЕИ_СВОБОДНО_И_ДАЖЕ_КУРИЛИ__А_БУХГАЛТЕР__КОГДА_ТОЛПОИ_ПОДХОДИЛИ_К_ЗАКУСКЕ__ВЗЯЛ_ЕЕ_ЗА_ШИРОКУЮ_ТАЛИЮ__РАЗВЯЗНЫ_ОНИ_БЫЛИ_ОТЧАСТИ_И_ОТТОГО__БЫТЬ_МОЖЕТ__ЧТО_ВАРВАРУШКА__ИМЕВШАЯ_ПРИ_СТАРИКАХ_БОЛЬШУЮ_ВЛАСТЬ_И_СЛЕДИВШАЯ_ЗА_НРАВСТВЕННОСТЬЮ_СЛУЖАЩИХ__ТЕПЕРЬ_НЕ_ИМЕЛА_В_ДОМЕ_НИКАКОГО_ЗНАЧЕНИЯ__А__БЫТЬ_МОЖЕТ__И_ОТТОГО__ЧТО_МНОГИЕ_ИЗ_НИХ_ЕЩЕ_ПОМНИЛИ_ВРЕМЯ__КОГДА_ТЕТУШКА_ТАТЬЯНА_ИВАНОВНА__КОТОРУЮ_БРАТЬЯ_ДЕРЖАЛИ_В_СТРОГОСТИ__БЫЛА_ОДЕТА_ПРОСТОЮ_БАБОИ__НА_МАНЕР_АГАФЬЮШКИ__И_КОГДА_АННА_АКИМОВНА_БЕГАЛА_ПО_ДВОРУ_ОКОЛО_КОРПУСОВ_И_ВСЕ_ЗВАЛИ_ЕЕ_АНЮТКОИ___СЛУЖАЩИЕ_КУШАЛИ__ГОВОРИЛИ_И_ПОСМАТРИВАЛИ_С_НЕДОУМЕНИЕМ_НА_АННУ_АКИМОВНУ__КАК_ОНА_ВЫРОСЛА__КАК_ПОХОРОШЕЛА__НО_ЭТА_ИЗЯЩНАЯ__ВОСПИТАННАЯ_ГУВЕРНАНТКАМИ_И_УЧИТЕЛЯМИ_ДЕВУШКА_БЫЛА_УЖЕ_ЧУЖАЯ_ДЛЯ_НИХ__НЕПОНЯТНАЯ__И_ОНИ_НЕВОЛЬНО_ДЕРЖАЛИСЬ_БОЛЬШЕ_ОКОЛО_ТЕТУШКИ__КОТОРАЯ_ГОВОРИЛА_ИМ_ТЫ__УГОЩАЛА_ИХ_НЕПРЕРЫВНО_И__ЧОКАЯСЬ_С_НИМИ__УЖЕ_ВЫПИЛА_ДВЕ_РЮМКИ_РЯБИНОВОИ__АННА_АКИМОВНА_ВСЕГДА_БОЯЛАСЬ__ЧТОБЫ_НЕ_ПОДУМАЛИ_ПРО_НЕЕ__ЧТО_ОНА_ГОРДАЯ__ВЫСКОЧКА_ИЛИ_ВОРОНА_В_ПАВЛИНЬИХ_ПЕРЬЯХ__И_ТЕПЕРЬ__ПОКА_СЛУЖАЩИЕ_ТОЛПИЛИСЬ_ОКОЛО_ЗАКУСКИ__ОНА_НЕ_ВЫХОДИЛА_ИЗ_СТОЛОВОИ_И_ВМЕШИВАЛАСЬ_В_РАЗГОВОР__У_СВОЕГО_ВЧЕРАШНЕГО_ЗНАКОМОГО_ПИМЕНОВА_ОНА_СПРОСИЛА____ОТЧЕГО_У_ВАС_В_КОМНАТЕ_ТАК_МНОГО_ЧАСОВ____Я_В_ПОЧИНКУ_БЕРУ___ОТВЕТИЛ_ОН___ЗАНИМАЮСЬ_ЭТАК_МЕЖДУ_ДЕЛОМ__ПО_ПРАЗДНИКАМ__ИЛИ_КОГДА_НЕ_СПИТСЯ____ЗНАЧИТ__ЕСЛИ_У_МЕНЯ_ИСПОРТЯТСЯ_ЧАСЫ__ТО_Я_МОГУ_ОТДАТЬ_ВАМ_ИХ_В_ПОЧИНКУ___СПРОСИЛА_АННА_АКИМОВНА__СМЕЯСЬ____ЧТО_Ж__Я_С_УДОВОЛЬСТВИЕМ___СКАЗАЛ_ПИМЕНОВ__И_НА_ЛИЦЕ_ЕГО_ВЫРАЗИЛОСЬ_УМИЛЕНИЕ__КОГДА_ОНА__САМА_НЕ_ЗНАЯ_ЗАЧЕМ__ОТЦЕПИЛА_ОТ_КОРСАЖА_СВОИ_ВЕЛИКОЛЕПНЫЕ_ЧАСИКИ_И_ПОДАЛА_ЕМУ__ОН_МОЛЧА_ОСМОТРЕЛ_ИХ_И_ВОЗВРАТИЛ___ЧТО_Ж__Я_С_УДОВОЛЬСТВИЕМ___ПОВТОРИЛ_ОН___Я_УЖЕ_НЕ_ПОЧИНЯЮ_КАРМАННЫХ_ЧАСОВ__У_МЕНЯ_ЗРЕНИЕ_СЛАБОЕ__И_ДОКТОР_ЗАПРЕТИЛ_МНЕ_ЗАНИМАТЬСЯ_МЕЛКОИ_РАБОТОИ__НО_ДЛЯ_ВАС_Я_МОГУ_СДЕЛАТЬ_ИСКЛЮЧЕНИЕ____ДОКТОРА_ВРУТ___СКАЗАЛ_БУХГАЛТЕР__ВСЕ_ЗАСМЕЯЛИСЬ___ТЫ_НЕ_ВЕРЬ_ИМ__ПРОДОЛЖАЛ_ОН__ПОЛЬЩЕННЫИ_ЭТИМ_СМЕХОМ___В_ПРОШЛОМ_ГОДУ__В_ПОСТУ__ИЗ_БАРАБАНА_ЗУБ_ВЫСКОЧИЛ_И_УГОРАЗДИЛ_ПРЯМО_В_СТАРИКА_КАЛМЫКОВА__В_ГОЛОВУ__ТАК_ЧТО_МОЗГ_ВИДАТЬ_БЫЛО__И_ДОКТОР_СКАЗАЛ__ЧТО_ПОМРЕТ__ОДНАЧЕ__ДО_СИХ_ПОР_ЖИВ_И_РАБОТАЕТ__ТОЛЬКО_ПОСЛЕ_ЭТОИ_ШТУКИ_ЗАИКАТЬСЯ_СТАЛ____ВРУТ_ТО__ВРУТ_ДОКТОРА__ДА_НЕ_ОЧЕНЬ___ВЗДОХНУЛА_ТЕТУШКА___ПЕТР_АНДРЕИЧ_ПОКОИНИЧЕК_ПОТЕРЯЛ_ГЛАЗА__ТАК_ЖЕ_ВОТ__КАК_ТЫ__ДЕНЬ_ДЕНЬСКОИ_РАБОТАЛ_НА_ЗАВОДЕ_ОКОЛО_ГОРЯЧЕИ_ПЕЧКИ_И_ОСЛЕП__ГЛАЗА_НЕ_ЛЮБЯТ_ЖАРА__НУ__ДА_ЧТО_ТОЛКОВАТЬ___ВСТРЕПЕНУЛАСЬ_ОНА___ПОИДЕМ_ВЫПЬЕМ__С_ПРАЗДНИЧКОМ_ВАС_ПОЗДРАВЛЯЮ__ГОЛУБЧИКИ_МОИ__НИ_С_КЕМ_НЕ_ПЬЮ__А_С_ВАМИ_ВЫПЬЮ__ГРЕШНИЦА__ДАИ_БОГ___АННЕ_АКИМОВНЕ_КАЗАЛОСЬ__ЧТО_ПИМЕНОВ_ПОСЛЕ_ВЧЕРАШНЕГО_ПРЕЗИРАЕТ_ЕЕ_КАК_ФИЛАНТРОПКУ__НО_ОЧАРОВАН_ЕЮ_КАК_ЖЕНЩИНОИ__ОНА_СМОТРЕЛА_НА_НЕГО_И_НАХОДИЛА__ЧТО_ОН_ДЕРЖИТСЯ_ОЧЕНЬ_МИЛО_И_ОДЕТ_ПРИЛИЧНО__ПРАВДА__У_СЮРТУКА_НЕМНОГО_РУКАВА_КОРОТКИ_И__КАЖЕТСЯ__ТАЛИЯ_ВЫСОКАЯ_И_БРЮКИ_НЕ_МОДНЫЕ__НЕ_ШИРОКИЕ__НО_ЗАТО_ГАЛСТУК_ПОВЯЗАН_СО_ВКУСОМ_И_НЕБРЕЖНО__И_НЕ_ТАК_ЯРОК__КАК_У_ДРУГИХ__И__ПО_ВИДИМОМУ__ОН_ДОБРОДУШНЫИ_ЧЕЛОВЕК__ТАК_КАК_ПОКОРНО_КУШАЕТ_ВСЕ__ЧТО_КЛАДЕТ_ЕМУ_НА_ТАРЕЛКУ_ТЕТУШКА__ОНА_ВСПОМНИЛА__КАКОИ_ОН_БЫЛ_ВЧЕРА_ЧЕРНЫИ_И_КАК_ЕМУ_ХОТЕЛОСЬ_СПАТЬ__И_ЭТО_ВОСПОМИНАНИЕ_ПОЧЕМУ_ТО_РАСТРОГАЛО_ЕЕ___КОГДА_СЛУЖАЩИЕ_СОБРАЛИСЬ_УХОДИТЬ__АННА_АКИМОВНА_ПОДАЛА_ПИМЕНОВУ_РУКУ__ЕИ_ХОТЕЛОСЬ_СКАЗАТЬ_ЕМУ__ЧТОБ_ОН_КАК_НИБУДЬ_ЗАПРОСТО_ПРИШЕЛ_ПОСИДЕТЬ__НО_НЕ_СУМЕЛА__КАК_ТО_ЯЗЫК_НЕ_ПОСЛУШАЛСЯ__И_ЧТОБЫ_НЕ_ПОДУМАЛИ__ЧТО_ПИМЕНОВ_ЕИ_ПОПРАВИЛСЯ__ОНА_И_ТОВАРИЩАМ_ЕГО_ПОДАЛА_РУКУ___ЗАТЕМ_ПРИШЛИ_УЧЕНИКИ_ТОИ_ШКОЛЫ__ГДЕ_ОНА_БЫЛА_ПОПЕЧИТЕЛЬНИЦЕИ__ВСЕ_ОНИ_БЫЛИ_ОСТРИЖЕНЫ_И_ОДЕТЫ_В_ОДНООБРАЗНЫЕ_СЕРЫЕ_БЛУЗЫ__УЧИТЕЛЬ___ВЫСОКИИ__ЕЩЕ_БЕЗУСЫИ_МОЛОДОИ_ЧЕЛОВЕК_С_КРАСНЫМИ_ПЯТНАМИ_НА_ЛИЦЕ___ЗАМЕТНО_ВОЛНУЯСЬ__ВЫСТРОИЛ_УЧЕНИКОВ_В_РЯДЫ__МАЛЬЧИКИ_ЗАПЕЛИ_СТРОИНО__НО_РЕЗКИМИ__НЕПРИЯТНЫМИ_ГОЛОСАМИ__ДИРЕКТОР_ЗАВОДА__НАЗАРЫЧ__ЛЫСЫИ__ОСТРОГЛАЗЫИ_СТАРОВЕР__НИКОГДА_НЕ_ЛАДИЛ_С_УЧИТЕЛЯМИ__НО_ЭТОГО__КОТОРЫИ_ТЕПЕРЬ_СУЕТЛИВО_ПОМАХИВАЛ_РУКОИ__ОН_ПРЕЗИРАЛ_И_НЕНАВИДЕЛ__САМ_НЕ_ЗНАЯ_ЗА_ЧТО__ОН_ОБРАЩАЛСЯ_С_НИМ_ВЫСОКОМЕРНО_И_ГРУБО__ЗАДЕРЖИВАЛ_ЖАЛОВАНЬЕ_И_ВМЕШИВАЛСЯ_В_ПРЕПОДАВАНИЕ__И__ЧТОБЫ_ОКОНЧАТЕЛЬНО_ВЫЖИТЬ_ЕГО__НЕДЕЛИ_ЗА_ДВЕ_ДО_ПРАЗДНИКА_ОПРЕДЕЛИЛ_В_ШКОЛУ_СТОРОЖЕМ_ДАЛЬНЕГО_РОДСТВЕННИКА_СВОЕИ_ЖЕНЫ__ПЬЯНОГО_МУЖИКА__КОТОРЫИ_НЕ_СЛУШАЛСЯ_УЧИТЕЛЯ_И_ПРИ_УЧЕНИКАХ_ГОВОРИЛ_ЕМУ_ДЕРЗОСТИ___АННЕ_АКИМОВНЕ_ВСЕ_ЭТО_БЫЛО_ИЗВЕСТНО__НО_ПОМОЧЬ_ОНА_НЕ_МОГЛА__ТАК_КАК_САМА_БОЯЛАСЬ_НАЗАРЫЧА__ТЕПЕРЬ_ЕИ_ХОТЕЛОСЬ__ПО_КРАИНЕИ_МЕРЕ__ОБЛАСКАТЬ_УЧИТЕЛЯ__СКАЗАТЬ_ЕМУ__ЧТО_ОНА_ИМ_ОЧЕНЬ_ДОВОЛЬНА__НО_КОГДА_ПОСЛЕ_ПЕНИЯ_ОН_СТАЛ_СИЛЬНО_КОНФУЗИТЬСЯ_И_ИЗВИНЯТЬСЯ_В_ЧЕМ_ТО__И_КОГДА_ТЕТУШКА__ГОВОРЯ_ЕМУ_ТЫ__ФАМИЛЬЯРНО_ПОТАЩИЛА_ЕГО_К_СТОЛУ__ЕИ_СТАЛО_СКУЧНО_И_НЕЛОВКО__И_ОНА__ПРИКАЗАВ_ДАТЬ_ДЕТЯМ_ГОСТИНЦЕВ__ПОШЛА_К_СЕБЕ_НАВЕРХ____В_ЭТИХ_ПРАЗДНИЧНЫХ_ПОРЯДКАХ_В_СУЩНОСТИ_МНОГО_ЖЕСТОКОГО___СКАЗАЛА_ОНА_НЕМНОГО_ПОГОДЯ__КАК_БЫ_ПРО_СЕБЯ__ГЛЯДЯ_В_ОКНО_НА_МАЛЬЧИКОВ__КАК_ОНИ_ТОЛПОЮ_ШЛИ_ОТ_ДОМА_К_ВОРОТАМ_И_НА_ХОДУ__ПОЖИМАЯСЬ_ОТ_ХОЛОДА__НАДЕВАЛИ_СВОИ_ШУБЫ_И_ПАЛЬТО___В_ПРАЗДНИКИ_ХОЧЕТСЯ_ОТДЫХАТЬ__СИДЕТЬ_ДОМА_С_РОДНЫМИ__А_БЕДНЫЕ_МАЛЬЧИКИ__УЧИТЕЛЬ__СЛУЖАЩИЕ_ОБЯЗАНЫ_ПОЧЕМУ_ТО_ИДТИ_ПО_МОРОЗУ__ПОТОМ_ПОЗДРАВЛЯТЬ__ВЫРАЖАТЬ_СВОЕ_ПОЧТЕНИЕ__КОНФУЗИТЬСЯ___МИШЕНЬКА__СТОЯВШИИ_ТУТ_ЖЕ_В_ЗАЛЕ_У_ДВЕРЕИ_И_СЛЫШАВШИИ_ЭТО__СКАЗАЛ____НЕ_ОТ_НАС_ЭТО_ПОШЛО__НЕ_НАМИ_И_КОНЧИТСЯ__КОНЕЧНО__Я_НЕОБРАЗОВАННЫИ_ЧЕЛОВЕК__АННА_АКИМОВНА__НО_ТАК_ПОНИМАЮ__БЕДНЫЕ_ДОЛЖНЫ_ВСЕГДА_ПОЧИТАТЬ_БОГАТЫХ__СКАЗАНО__БОГ_ШЕЛЬМУ_МЕТИТ__В_ОСТРОГАХ__В_НОЧЛЕЖНЫХ_ДОМАХ_И_В_КАБАКАХ_ВСЕГДА_ТОЛЬКО_ОДНИ_БЕДНЫЕ__А_ПОРЯДОЧНЫЕ_ЛЮДИ__ЗАМЕТЬТЕ__ВСЕГДА_БОГАТЫЕ__ПРО_БОГАТЫХ_СКАЗАНО__БЕЗДНА_БЕЗДНУ_ПРИЗЫВАЕТ____ВЫ__МИША__ВСЕГДА_ВЫРАЖАЕТЕСЬ_КАК_ТО_СКУЧНО_И_НЕПОНЯТНО___СКАЗАЛА_АННА_АКИМОВНА_И_ПОШЛА_В_ДРУГОИ_КОНЕЦ_ЗАЛЫ___БЫЛ_ТОЛЬКО_ДВЕНАДЦАТЫИ_ЧАС_В_НАЧАЛЕ__ТИШИНА_ГРОМАДНЫХ_КОМНАТ__НАРУШАЕМАЯ_ТОЛЬКО_ИЗРЕДКА_ПЕНИЕМ__ДОНОСИВШИМСЯ_ИЗ_НИЖНЕГО_ЭТАЖА__НАГОНЯЛА_ЗЕВОТУ__БРОНЗА__АЛЬБОМЫ_И_КАРТИНЫ_НА_СТЕНАХ__ИЗОБРАЖАВШИЕ_МОРЕ_С_КОРАБЛИКАМИ__ЛУГ_С_КОРОВКАМИ_И_РЕИНСКИЕ_ВИДЫ__БЫЛИ_ДО_ТАКОИ_СТЕПЕНИ_НЕ_НОВЫ__ЧТО_ВЗГЛЯД_ТОЛЬКО_СКОЛЬЗИЛ_ПО_НИМ_И_НЕ_ЗАМЕЧАЛ_ИХ__ПРАЗДНИЧНОЕ_НАСТРОЕНИЕ_СТАЛО_УЖЕ_ПРИСКУЧАТЬ__АННА_АКИМОВНА_ПО_ПРЕЖНЕМУ_ЧУВСТВОВАЛА_СЕБЯ_КРАСИВОЮ__ДОБРОЮ_И_НЕОБЫКНОВЕННОЮ__НО_УЖЕ_ЕИ_КАЗАЛОСЬ__ЧТО_ЭТО_НИКОМУ_НЕ_НУЖНО__КАЗАЛОСЬ_ЕИ__ЧТО_И_ЭТО_ДОРОГОЕ_ПЛАТЬЕ_ОНА_НАДЕЛА_НЕИЗВЕСТНО_ДЛЯ_КОГО_И_ДЛЯ_ЧЕГО__И_ЕЕ_УЖЕ__КАК_ЭТО_БЫВАЛО_ВО_ВСЕ_ПРАЗДНИКИ__СТАЛИ_ТОМИТЬ_ОДИНОЧЕСТВО_И_НЕОТВЯЗНАЯ_МЫСЛЬ__ЧТО_ЕЕ_КРАСОТА__ЗДОРОВЬЕ__БОГАТСТВО__ОДИН_ЛИШЬ_ОБМАН__ТАК_КАК_ОНА_ЛИШНЯЯ_НА_ЭТОМ_СВЕТЕ__НИКОМУ_ОНА_НЕ_НУЖНА__НИКТО_ЕЕ_НЕ_ЛЮБИТ__ОНА_ПРОШЛАСЬ_ПО_ВСЕМ_КОМНАТАМ__НАПЕВАЯ_И_ПОГЛЯДЫВАЯ_В_ОКНА__ОСТАНОВИВШИСЬ_В_ЗАЛЕ__ОНА_НЕ_МОГЛА_УДЕРЖАТЬСЯ__ЧТОБЫ_НЕ_ЗАГОВОРИТЬ_С_МИШЕНЬКОИ____НЕ_ЗНАЮ__МИША__ЧТО_ВЫ_О_СЕБЕ_ДУМАЕТЕ__СКАЗАЛА_ОНА_И_ВЗДОХНУЛА__ПРАВО__ЗА_ЭТО_ДАЖЕ_БОГ_НАКАЖЕТ____ВЫ_О_ЧЕМ_С____ВЫ_ЗНАЕТЕ__О_ЧЕМ__ИЗВИНИТЕ__ЧТО_Я_ВМЕШИВАЮСЬ_В_ВАШИ_ЛИЧНЫЕ_ДЕЛА__НО_МНЕ_КАЖЕТСЯ__ВЫ_САМИ_ИЗ_УПРЯМСТВА_ПОРТИТЕ_СЕБЕ_ЖИЗНЬ__СОГЛАСИТЕСЬ__ВАМ_ТЕПЕРЬ_КАК_РАЗ_САМАЯ_ПОРА_ЖЕНИТЬСЯ__А_ОНА_ДЕВУШКА_ПРЕКРАСНАЯ__ДОСТОИНАЯ__ЛУЧШЕ_ЕЕ_ВЫ_НИКОГДА_НЕ_НАИДЕТЕ__КРАСАВИЦА__УМНАЯ__КРОТКАЯ__ПРЕДАННАЯ__А_НАРУЖНОСТЬ__ПРИНАДЛЕЖИ_ОНА_К_НАШЕМУ_ИЛИ_ВЫСШЕМУ_КРУГУ__В_НЕЕ_ВЛЮБЛЯЛИСЬ_БЫ_ЗА_ОДНИ_ЧУДНЫЕ_РЫЖИЕ_ВОЛОСЫ__ПОСМОТРИТЕ__КАК_У_НЕЕ_ВОЛОСЫ_ПОДХОДЯТ_К_ЦВЕТУ_ЛИЦА__АХ__БОЖЕ_МОИ__ВЫ_НИЧЕГО_НЕ_ПОНИМАЕТЕ_И_САМИ_НЕ_ЗНАЕТЕ__ЧТО_ВАМ_НУЖНО___СКАЗАЛА_С_ГОРЕЧЬЮ_АННА_АКИМОВНА__И_СЛЕЗЫ_ВЫСТУПИЛИ_У_НЕЕ_НА_ГЛАЗАХ___БЕДНАЯ_ДЕВОЧКА__МНЕ_ЕЕ_ТАК_ЖАЛКО__Я_ЗНАЮ__ВЫ_ХОТИТЕ_ВЗЯТЬ_С_ДЕНЬГАМИ__НО_Я_ВАМ_УЖЕ_ГОВОРИЛА__Я_ЗА_МАШЕИ_ДАМ_ПРИДАНОЕ___СВОЮ_БУДУЩУЮ_СУПРУГУ_МИШЕНЬКА_РИСОВАЛ_В_ВООБРАЖЕНИИ_НЕ_ИНАЧЕ__КАК_В_ВИДЕ_ВЫСОКОИ__ПОЛНОИ__СОЛИДНОИ_И_БЛАГОЧЕСТИВОИ_ЖЕНЩИНЫ_С_ПОХОДКОИ_КАК_У_ПАВЫ_И_ПОЧЕМУ_ТО_НЕПРЕМЕННО_С_ДЛИННОЮ_ШАЛЬЮ_НА_ПЛЕЧАХ__А_МАША_ХУДА_И_ТОНКА__СТЯНУТА_В_КОРСЕТ__И_ПОХОДКА_У_НЕЕ_МЕЛКАЯ__А_ГЛАВНОЕ__ОНА_БЫЛА_СЛИШКОМ_СОБЛАЗНИТЕЛЬНА_И_ПОДЧАС_СИЛЬНО_НРАВИЛАСЬ_МИШЕНЬКЕ__НО_ЭТО__ПО_ЕГО_МНЕНИЮ__ГОДИЛОСЬ_НЕ_ДЛЯ_БРАКА__А_ЛИШЬ_ДЛЯ_ДУРНОГО_ПОВЕДЕНИЯ__КОГДА_АННА_АКИМОВНА_ПООБЕЩАЛА_ДАТЬ_ПРИДАНОЕ__ТО_ОН_НЕКОТОРОЕ_ВРЕМЯ_КОЛЕБАЛСЯ__НО_КАК_ТО_БЕДНЫИ_СТУДЕНТ_В_КОРИЧНЕВОМ_ПАЛЬТО_ПОВЕРХ_МУНДИРА__ПРИХОДИВШИИ_К_АННЕ_АКИМОВНЕ_С_ПИСЬМОМ__НЕ_МОГ_УДЕРЖАТЬСЯ_И__ВОСХИЩЕННЫИ__ОБНЯЛ_МАШУ_ВНИЗУ_ОКОЛО_ВЕШАЛОК__И_ОНА_СЛЕГКА_ВСКРИКНУЛА__МИШЕНЬКА__СТОЯ_НАВЕРХУ_НА_ЛЕСТНИЦЕ__ВИДЕЛ_ЭТО_И_С_ТОИ_ПОРЫ_СТАЛ_ПИТАТЬ_К_МАШЕ_БРЕЗГЛИВОЕ_ЧУВСТВО__БЕДНЫИ_СТУДЕНТ__КТО_ЗНАЕТ__ЕСЛИ_БЫ_ЕЕ_ОБНЯЛ_БОГАТЫИ_СТУДЕНТ_ИЛИ_ОФИЦЕР__ТО_ПОСЛЕДСТВИЯ_БЫЛИ_БЫ_ДРУГИЕ____ОТЧЕГО_ЖЕ_ВЫ_НЕ_ХОТИТЕ___СПРАШИВАЛА_АННА_АКИМОВНА___ЧЕГО_ВАМ_ЕЩЕ_НУЖНО___МИШЕНЬКА_МОЛЧАЛ_И_НЕПОДВИЖНО_ГЛЯДЕЛ_НА_КРЕСЛО__ПОДНЯВ_БРОВ